7479,90,313,nan,nan,16
7479,90,513,nan,nan,16
7479,90,417,nan,nan,16
7479,90,84,nan,nan,16
7479,90,355,nan,nan,16
7479,90,114,nan,nan,16
7479,90,431,nan,nan,16
7479,90,355,nan,nan,16
7479,92,337,nan,nan,16
7479,92,462,nan,nan,16
7479,92,39,nan,nan,16
7479,92,618,nan,nan,16
7479,92,87,nan,nan,16
7479,92,686,nan,nan,16
7479,92,323,nan,nan,16
7479,92,488,nan,nan,16
7479,92,173,nan,nan,16
7479,92,18,nan,nan,16
7479,103,634,nan,nan,16
7479,103,615,nan,nan,16
7479,103,457,nan,nan,16
7479,103,90,nan,nan,16
7479,103,644,nan,nan,16
7479,103,397,nan,nan,16
7479,103,437,nan,nan,16
7479,103,604,nan,nan,16
7479,103,142,nan,nan,16
7479,104,527,nan,nan,16
7479,104,484,nan,nan,16
7479,104,670,nan,nan,16
7479,104,686,nan,nan,16
7479,104,496,nan,nan,16
7479,104,462,nan,nan,16
7479,104,499,nan,nan,16
7479,106,236,nan,nan,16
7479,106,641,nan,nan,16
7479,106,72,nan,nan,16
7479,106,600,nan,nan,16
7479,106,79,nan,nan,16
7479,106,69,nan,nan,16
7479,106,408,nan,nan,16
7479,106,212,nan,nan,16
7479,106,567,nan,nan,16
7479,106,336,nan,nan,16
7479,106,628,nan,nan,16
7479,106,421,nan,nan,16
7479,106,495,nan,nan,16
7479,106,623,nan,nan,16
7479,106,533,nan,nan,16
7479,124,113,nan,nan,16
7479,124,517,nan,nan,16
7479,124,690,nan,nan,16
7479,124,456,nan,nan,16
7479,124,232,nan,nan,16
7479,124,697,nan,nan,16
7479,124,496,nan,nan,16
7479,124,481,nan,nan,16
7479,124,481,nan,nan,16
7479,124,462,nan,nan,16
7479,124,232,nan,nan,16
7479,124,698,nan,nan,16
7479,124,113,nan,nan,16
7479,124,245,nan,nan,16
7479,126,525,nan,nan,16
7479,126,697,nan,nan,16
7479,126,377,nan,nan,16
7479,126,517,nan,nan,16
7479,126,161,nan,nan,16
7479,126,182,nan,nan,16
7479,126,697,nan,nan,16
7479,126,377,nan,nan,16
7479,126,383,nan,nan,16
7479,126,17,nan,nan,16
7479,126,412,nan,nan,16
7479,126,440,nan,nan,16
7479,126,607,nan,nan,16
7479,126,697,nan,nan,16
7479,153,314,nan,nan,16
7479,153,333,nan,nan,16
7479,153,103,nan,nan,16
7479,153,110,nan,nan,16
7479,153,137,nan,nan,16
7479,153,545,nan,nan,16
7479,153,202,nan,nan,16
7479,153,362,nan,nan,16
7479,153,648,nan,nan,16
7479,153,655,nan,nan,16
7479,153,644,nan,nan,16
7480,5,334,nan,nan,51
7480,5,67,nan,nan,51
7480,5,336,nan,nan,51
7480,5,31,nan,nan,51
7480,5,547,nan,nan,51
7480,6,4,nan,nan,51
7480,6,206,nan,nan,51
7480,6,158,nan,nan,51
7480,6,374,nan,nan,51
7480,6,61,nan,nan,51
7480,6,127,nan,nan,51
7480,6,530,nan,nan,51
7480,8,613,nan,nan,51
7480,8,657,nan,nan,51
7480,8,695,nan,nan,51
7480,8,614,nan,nan,51
7480,8,179,nan,nan,51
7480,11,64,nan,nan,51
7480,11,531,nan,nan,51
7480,17,624,nan,nan,51
7480,17,389,nan,nan,51
7480,17,480,nan,nan,51
7480,19,232,nan,nan,51
7480,19,654,nan,nan,51
7480,19,525,nan,nan,51
7480,22,498,nan,nan,51
7480,22,541,nan,nan,51
7480,22,623,nan,nan,51
7480,24,331,nan,nan,51
7480,24,466,nan,nan,51
7480,24,16,nan,nan,51
7480,24,653,nan,nan,51
7480,26,16,nan,nan,51
7480,26,88,nan,nan,51
7480,26,492,nan,nan,51
7480,26,0,nan,nan,51
7480,26,315,nan,nan,51
7480,26,680,nan,nan,51
7480,26,51,nan,nan,51
7480,27,196,nan,nan,51
7480,27,3,nan,nan,51
7480,27,174,nan,nan,51
7480,27,0,nan,nan,51
7480,30,670,nan,nan,51
7480,30,249,nan,nan,51
7480,30,531,nan,nan,51
7480,30,518,nan,nan,51
7480,30,303,nan,nan,51
7480,30,248,nan,nan,51
7480,30,20,nan,nan,51
7480,30,535,nan,nan,51
7480,30,389,nan,nan,51
7480,30,123,nan,nan,51
7480,35,304,nan,nan,51
7480,41,469,nan,nan,51
7480,41,279,nan,nan,51
7480,41,636,nan,nan,51
7480,41,552,nan,nan,51
7480,48,225,nan,nan,51
7480,48,191,nan,nan,51
7480,48,365,nan,nan,51
7480,48,370,nan,nan,51
7480,48,289,nan,nan,51
7480,48,447,nan,nan,51
7480,48,258,nan,nan,51
7480,53,467,nan,nan,51
7480,53,493,nan,nan,51
7480,53,395,nan,nan,51
7480,53,119,nan,nan,51
7480,54,486,nan,nan,51
7480,56,209,nan,nan,51
7480,56,13,nan,nan,51
7480,56,299,nan,nan,51
7480,56,547,nan,nan,51
7480,56,244,nan,nan,51
7480,56,0,nan,nan,51
7480,56,358,nan,nan,51
7480,59,468,nan,nan,51
7480,59,559,nan,nan,51
7480,63,579,nan,nan,51
7480,63,529,nan,nan,51
7480,63,432,nan,nan,51
7480,63,26,nan,nan,51
7480,63,97,nan,nan,51
7480,63,329,nan,nan,51
7480,63,217,nan,nan,51
7480,66,475,nan,nan,51
7480,66,350,nan,nan,51
7480,66,409,nan,nan,51
7480,67,83,nan,nan,51
7480,67,526,nan,nan,51
7480,67,542,nan,nan,51
7480,67,1,nan,nan,51
7480,67,189,nan,nan,51
7480,67,689,nan,nan,51
7480,67,100,nan,nan,51
7480,67,368,nan,nan,51
7480,67,636,nan,nan,51
7480,73,317,nan,nan,51
7480,73,389,nan,nan,51
7480,73,561,nan,nan,51
7480,73,199,nan,nan,51
7480,73,372,nan,nan,51
7480,76,321,nan,nan,51
7480,76,644,nan,nan,51
7480,76,466,nan,nan,51
7480,76,318,nan,nan,51
7480,76,68,nan,nan,51
7480,76,221,nan,nan,51
7480,78,399,nan,nan,51
7480,78,143,nan,nan,51
7480,78,681,nan,nan,51
7480,78,550,nan,nan,51
7480,84,138,nan,nan,51
7480,84,223,nan,nan,51
7480,84,183,nan,nan,51
7480,84,249,nan,nan,51
7480,84,681,nan,nan,51
7480,86,125,nan,nan,51
7480,86,428,nan,nan,51
7480,86,235,nan,nan,51
7480,91,302,nan,nan,51
7480,91,473,nan,nan,51
7480,91,145,nan,nan,51
7480,91,415,nan,nan,51
7480,91,55,nan,nan,51
7480,93,545,nan,nan,51
7480,94,167,nan,nan,51
7480,94,360,nan,nan,51
7480,94,535,nan,nan,51
7480,94,455,nan,nan,51
7480,94,287,nan,nan,51
7480,98,568,nan,nan,51
7480,98,99,nan,nan,51
7480,98,174,1,0.25,51
7480,98,111,nan,nan,51
7480,105,568,nan,nan,51
7480,105,681,nan,nan,51
7480,105,330,nan,nan,51
7480,105,669,nan,nan,51
7480,105,60,nan,nan,51
7480,105,131,nan,nan,51
7480,105,92,nan,nan,51
7480,105,36,nan,nan,51
7480,105,520,nan,nan,51
7480,106,472,nan,nan,51
7480,106,322,nan,nan,51
7480,106,580,nan,nan,51
7480,106,384,nan,nan,51
7480,106,114,nan,nan,51
7480,108,554,nan,nan,51
7480,108,42,nan,nan,51
7480,108,34,nan,nan,51
7480,108,265,nan,nan,51
7480,108,127,nan,nan,51
7480,110,79,nan,nan,51
7480,110,160,nan,nan,51
7480,110,600,nan,nan,51
7480,113,306,nan,nan,51
7480,116,236,nan,nan,51
7480,116,652,nan,nan,51
7480,119,116,nan,nan,51
7480,119,562,nan,nan,51
7480,119,337,nan,nan,51
7480,119,531,nan,nan,51
7480,119,686,nan,nan,51
7480,120,688,nan,nan,51
7480,120,285,nan,nan,51
7480,120,562,nan,nan,51
7480,120,89,nan,nan,51
7480,121,206,nan,nan,51
7480,121,171,nan,nan,51
7480,121,176,nan,nan,51
7480,121,465,nan,nan,51
7480,121,130,nan,nan,51
7480,121,233,nan,nan,51
7480,128,566,nan,nan,51
7480,128,159,nan,nan,51
7480,130,404,nan,nan,51
7480,130,354,nan,nan,51
7480,130,57,nan,nan,51
7480,130,189,nan,nan,51
7480,130,622,nan,nan,51
7480,132,131,nan,nan,51
7480,132,16,nan,nan,51
7480,132,376,nan,nan,51
7480,132,699,nan,nan,51
7480,133,374,nan,nan,51
7480,133,276,nan,nan,51
7480,133,362,nan,nan,51
7480,133,691,nan,nan,51
7480,133,65,nan,nan,51
7480,133,354,nan,nan,51
7480,133,233,nan,nan,51
7480,134,403,nan,nan,51
7480,134,200,nan,nan,51
7480,134,362,nan,nan,51
7480,134,472,nan,nan,51
7480,138,209,nan,nan,51
7480,138,527,nan,nan,51
7480,138,451,nan,nan,51
7480,138,334,nan,nan,51
7480,142,403,nan,nan,51
7480,142,602,nan,nan,51
7480,142,77,nan,nan,51
7480,142,233,nan,nan,51
7480,142,595,nan,nan,51
7480,149,432,nan,nan,51
7480,149,307,nan,nan,51
7480,149,54,nan,nan,51
7480,149,191,nan,nan,51
7480,0,275,nan,nan,51
7481,3,74,nan,nan,27
7481,3,317,nan,nan,27
7481,3,293,nan,nan,27
7481,3,254,nan,nan,27
7481,3,663,nan,nan,27
7481,3,41,nan,nan,27
7481,3,450,nan,nan,27
7481,3,379,nan,nan,27
7481,3,462,nan,nan,27
7481,3,554,nan,nan,27
7481,3,554,nan,nan,27
7481,10,46,nan,nan,27
7481,10,446,nan,nan,27
7481,10,169,nan,nan,27
7481,10,88,nan,nan,27
7481,10,232,nan,nan,27
7481,10,511,nan,nan,27
7481,10,549,nan,nan,27
7481,10,526,nan,nan,27
7481,10,496,nan,nan,27
7481,10,226,nan,nan,27
7481,10,35,nan,nan,27
7481,14,350,nan,nan,27
7481,14,653,nan,nan,27
7481,14,174,nan,nan,27
7481,14,350,nan,nan,27
7481,14,487,nan,nan,27
7481,14,654,nan,nan,27
7481,14,476,nan,nan,27
7481,14,624,nan,nan,27
7481,14,145,nan,nan,27
7481,14,227,nan,nan,27
7481,16,653,nan,nan,27
7481,16,299,nan,nan,27
7481,16,196,nan,nan,27
7481,16,667,nan,nan,27
7481,16,42,nan,nan,27
7481,16,234,nan,nan,27
7481,16,228,nan,nan,27
7481,16,531,nan,nan,27
7481,16,192,nan,nan,27
7481,16,565,nan,nan,27
7481,16,299,nan,nan,27
7481,16,42,nan,nan,27
7481,16,542,nan,nan,27
7481,17,649,nan,nan,27
7481,17,136,nan,nan,27
7481,17,402,nan,nan,27
7481,17,363,nan,nan,27
7481,17,285,nan,nan,27
7481,17,75,nan,nan,27
7481,17,120,nan,nan,27
7481,17,51,nan,nan,27
7481,17,541,nan,nan,27
7481,17,313,nan,nan,27
7481,17,192,nan,nan,27
7481,17,267,nan,nan,27
7481,17,389,nan,nan,27
7481,17,686,nan,nan,27
7481,19,690,nan,nan,27
7481,19,542,nan,nan,27
7481,19,9,nan,nan,27
7481,19,120,nan,nan,27
7481,19,530,nan,nan,27
7481,19,233,nan,nan,27
7481,25,200,nan,nan,27
7481,25,498,nan,nan,27
7481,25,625,nan,nan,27
7481,25,196,nan,nan,27
7481,25,371,nan,nan,27
7481,25,588,nan,nan,27
7481,25,96,nan,nan,27
7481,25,503,nan,nan,27
7481,25,52,nan,nan,27
7481,25,23,nan,nan,27
7481,25,57,nan,nan,27
7481,25,41,nan,nan,27
7481,25,123,nan,nan,27
7481,25,79,nan,nan,27
7481,29,574,nan,nan,27
7481,29,550,nan,nan,27
7481,29,431,nan,nan,27
7481,29,613,nan,nan,27
7481,29,144,nan,nan,27
7481,29,159,nan,nan,27
7481,29,57,nan,nan,27
7481,29,546,nan,nan,27
7481,29,378,nan,nan,27
7481,29,645,nan,nan,27
7481,29,582,nan,nan,27
7481,29,327,nan,nan,27
7481,29,18,nan,nan,27
7481,29,373,nan,nan,27
7481,29,58,nan,nan,27
7481,29,96,nan,nan,27
7481,29,457,nan,nan,27
7481,29,513,nan,nan,27
7481,33,123,nan,nan,27
7481,33,562,nan,nan,27
7481,33,301,nan,nan,27
7481,33,282,nan,nan,27
7481,33,29,nan,nan,27
7481,33,325,nan,nan,27
7481,33,362,nan,nan,27
7481,33,352,nan,nan,27
7481,33,30,nan,nan,27
7481,33,456,nan,nan,27
7481,33,300,nan,nan,27
7481,33,423,nan,nan,27
7481,33,593,nan,nan,27
7481,33,10,nan,nan,27
7481,33,349,nan,nan,27
7481,33,253,nan,nan,27
7481,35,27,nan,nan,27
7481,35,643,nan,nan,27
7481,35,571,nan,nan,27
7481,35,290,nan,nan,27
7481,35,428,nan,nan,27
7481,35,675,nan,nan,27
7481,35,524,nan,nan,27
7481,35,658,nan,nan,27
7481,35,213,nan,nan,27
7481,35,634,nan,nan,27
7481,35,513,nan,nan,27
7481,35,451,nan,nan,27
7481,36,649,nan,nan,27
7481,36,382,nan,nan,27
7481,36,638,nan,nan,27
7481,36,632,nan,nan,27
7481,36,206,nan,nan,27
7481,36,660,nan,nan,27
7481,36,632,nan,nan,27
7481,36,505,nan,nan,27
7481,36,143,nan,nan,27
7481,36,641,nan,nan,27
7481,41,353,nan,nan,27
7481,41,207,nan,nan,27
7481,41,564,nan,nan,27
7481,41,338,nan,nan,27
7481,41,380,nan,nan,27
7481,41,345,nan,nan,27
7481,41,345,nan,nan,27
7481,41,353,nan,nan,27
7481,41,99,nan,nan,27
7481,41,204,nan,nan,27
7481,41,448,nan,nan,27
7481,41,684,nan,nan,27
7481,44,17,nan,nan,27
7481,44,355,nan,nan,27
7481,44,157,nan,nan,27
7481,44,110,nan,nan,27
7481,44,495,nan,nan,27
7481,44,190,nan,nan,27
7481,44,266,nan,nan,27
7481,44,357,nan,nan,27
7481,44,47,nan,nan,27
7481,44,684,nan,nan,27
7481,44,441,nan,nan,27
7481,49,634,nan,nan,27
7481,49,31,nan,nan,27
7481,49,692,nan,nan,27
7481,49,296,nan,nan,27
7481,49,584,nan,nan,27
7481,49,208,nan,nan,27
7481,49,485,nan,nan,27
7481,49,24,nan,nan,27
7481,49,537,nan,nan,27
7481,49,570,nan,nan,27
7481,52,447,nan,nan,27
7481,52,401,nan,nan,27
7481,52,326,nan,nan,27
7481,52,302,nan,nan,27
7481,52,157,nan,nan,27
7481,52,404,nan,nan,27
7481,52,12,nan,nan,27
7481,52,695,nan,nan,27
7481,52,467,nan,nan,27
7481,52,34,nan,nan,27
7481,52,357,nan,nan,27
7481,52,646,nan,nan,27
7481,52,633,nan,nan,27
7481,54,679,nan,nan,27
7481,54,449,nan,nan,27
7481,54,555,nan,nan,27
7481,54,240,nan,nan,27
7481,54,282,nan,nan,27
7481,54,240,nan,nan,27
7481,54,308,nan,nan,27
7481,54,30,nan,nan,27
7481,59,293,nan,nan,27
7481,59,279,nan,nan,27
7481,59,536,nan,nan,27
7481,59,238,nan,nan,27
7481,59,329,nan,nan,27
7481,59,321,nan,nan,27
7481,59,590,nan,nan,27
7481,59,682,nan,nan,27
7481,59,435,nan,nan,27
7481,59,215,nan,nan,27
7481,59,615,nan,nan,27
7481,67,230,nan,nan,27
7481,67,55,nan,nan,27
7481,67,562,nan,nan,27
7481,67,387,nan,nan,27
7481,67,121,nan,nan,27
7481,67,476,nan,nan,27
7481,67,106,nan,nan,27
7481,67,452,nan,nan,27
7481,67,262,nan,nan,27
7481,69,128,nan,nan,27
7481,69,393,nan,nan,27
7481,69,530,nan,nan,27
7481,69,277,nan,nan,27
7481,69,268,nan,nan,27
7481,69,692,nan,nan,27
7481,69,424,2,0.1,27
7481,69,422,nan,nan,27
7481,69,557,nan,nan,27
7481,69,315,nan,nan,27
7481,69,266,nan,nan,27
7481,69,381,nan,nan,27
7481,73,630,nan,nan,27
7481,73,17,nan,nan,27
7481,73,591,nan,nan,27
7481,73,264,nan,nan,27
7481,73,673,nan,nan,27
7481,73,112,nan,nan,27
7481,73,106,nan,nan,27
7481,73,24,nan,nan,27
7481,73,435,nan,nan,27
7481,73,389,nan,nan,27
7481,73,464,nan,nan,27
7481,73,96,nan,nan,27
7481,77,538,nan,nan,27
7481,77,660,nan,nan,27
7481,77,3,nan,nan,27
7481,77,161,nan,nan,27
7481,77,285,nan,nan,27
7481,77,235,nan,nan,27
7481,77,593,nan,nan,27
7481,77,70,nan,nan,27
7481,77,23,nan,nan,27
7481,77,615,nan,nan,27
7481,78,76,nan,nan,27
7481,78,627,nan,nan,27
7481,78,40,nan,nan,27
7481,78,32,nan,nan,27
7481,78,588,nan,nan,27
7481,78,268,nan,nan,27
7481,78,301,nan,nan,27
7481,78,634,nan,nan,27
7481,78,455,nan,nan,27
7481,81,478,nan,nan,27
7481,81,159,nan,nan,27
7481,81,15,nan,nan,27
7481,81,330,nan,nan,27
7481,81,233,nan,nan,27
7481,81,443,nan,nan,27
7481,81,667,nan,nan,27
7481,81,374,nan,nan,27
7481,81,627,nan,nan,27
7481,81,126,nan,nan,27
7481,81,663,nan,nan,27
7481,81,237,nan,nan,27
7481,81,611,nan,nan,27
7481,81,327,nan,nan,27
7481,88,677,nan,nan,27
7481,88,154,nan,nan,27
7481,88,457,nan,nan,27
7481,88,348,nan,nan,27
7481,88,423,nan,nan,27
7481,88,536,nan,nan,27
7481,88,192,nan,nan,27
7481,88,40,nan,nan,27
7481,88,229,nan,nan,27
7481,90,45,nan,nan,27
7481,90,369,nan,nan,27
7481,90,304,nan,nan,27
7481,90,321,nan,nan,27
7481,90,54,nan,nan,27
7481,90,629,nan,nan,27
7481,90,694,nan,nan,27
7481,90,159,nan,nan,27
7481,90,533,nan,nan,27
7481,90,157,nan,nan,27
7481,90,446,nan,nan,27
7481,90,592,nan,nan,27
7481,90,84,nan,nan,27
7481,90,524,nan,nan,27
7481,90,84,nan,nan,27
7481,90,629,nan,nan,27
7481,97,263,nan,nan,27
7481,97,30,nan,nan,27
7481,97,684,nan,nan,27
7481,97,217,nan,nan,27
7481,97,548,nan,nan,27
7481,97,463,nan,nan,27
7481,97,473,nan,nan,27
7481,97,276,nan,nan,27
7481,97,581,nan,nan,27
7481,97,525,nan,nan,27
7481,97,466,nan,nan,27
7481,99,687,nan,nan,27
7481,99,407,nan,nan,27
7481,99,434,nan,nan,27
7481,99,405,nan,nan,27
7481,99,533,nan,nan,27
7481,99,676,nan,nan,27
7481,99,280,nan,nan,27
7481,99,659,nan,nan,27
7481,99,488,nan,nan,27
7481,99,145,nan,nan,27
7481,99,496,nan,nan,27
7481,99,505,nan,nan,27
7481,99,294,nan,nan,27
7481,99,105,nan,nan,27
7481,99,472,nan,nan,27
7481,99,298,nan,nan,27
7481,99,489,nan,nan,27
7481,100,274,nan,nan,27
7481,100,470,nan,nan,27
7481,100,529,nan,nan,27
7481,100,209,nan,nan,27
7481,100,563,nan,nan,27
7481,100,115,nan,nan,27
7481,100,116,nan,nan,27
7481,100,27,nan,nan,27
7481,100,429,nan,nan,27
7481,100,294,nan,nan,27
7481,100,166,nan,nan,27
7481,100,556,nan,nan,27
7481,100,52,nan,nan,27
7481,101,530,nan,nan,27
7481,101,180,nan,nan,27
7481,101,469,nan,nan,27
7481,101,175,nan,nan,27
7481,101,205,nan,nan,27
7481,101,223,nan,nan,27
7481,101,258,nan,nan,27
7481,101,202,nan,nan,27
7481,101,623,nan,nan,27
7481,101,289,nan,nan,27
7481,101,107,nan,nan,27
7481,101,573,nan,nan,27
7481,101,94,nan,nan,27
7481,101,258,nan,nan,27
7481,101,668,nan,nan,27
7481,102,553,nan,nan,27
7481,102,257,nan,nan,27
7481,102,66,nan,nan,27
7481,102,167,nan,nan,27
7481,102,444,nan,nan,27
7481,102,388,nan,nan,27
7481,102,554,nan,nan,27
7481,102,178,nan,nan,27
7481,102,589,nan,nan,27
7481,102,630,nan,nan,27
7481,102,439,nan,nan,27
7481,102,465,nan,nan,27
7481,102,639,nan,nan,27
7481,114,133,nan,nan,27
7481,114,282,nan,nan,27
7481,114,174,nan,nan,27
7481,114,133,nan,nan,27
7481,114,18,nan,nan,27
7481,114,100,nan,nan,27
7481,114,91,nan,nan,27
7481,114,601,nan,nan,27
7481,114,41,nan,nan,27
7481,114,166,nan,nan,27
7481,114,661,nan,nan,27
7481,114,477,nan,nan,27
7481,114,337,nan,nan,27
7481,114,211,nan,nan,27
7481,116,2,nan,nan,27
7481,116,474,nan,nan,27
7481,116,228,nan,nan,27
7481,116,51,nan,nan,27
7481,116,320,nan,nan,27
7481,116,293,nan,nan,27
7481,116,539,nan,nan,27
7481,116,446,nan,nan,27
7481,116,678,nan,nan,27
7481,116,226,nan,nan,27
7481,116,565,nan,nan,27
7481,116,332,nan,nan,27
7481,116,83,nan,nan,27
7481,116,4,nan,nan,27
7481,116,529,nan,nan,27
7481,117,529,nan,nan,27
7481,117,127,nan,nan,27
7481,117,33,nan,nan,27
7481,117,407,nan,nan,27
7481,117,596,nan,nan,27
7481,117,106,nan,nan,27
7481,119,649,nan,nan,27
7481,119,136,nan,nan,27
7481,119,545,nan,nan,27
7481,119,341,nan,nan,27
7481,119,688,nan,nan,27
7481,119,266,nan,nan,27
7481,119,523,nan,nan,27
7481,119,688,nan,nan,27
7481,119,507,nan,nan,27
7481,119,235,nan,nan,27
7481,119,686,nan,nan,27
7481,119,385,nan,nan,27
7481,119,130,nan,nan,27
7481,119,132,nan,nan,27
7481,119,548,nan,nan,27
7481,119,90,nan,nan,27
7481,119,303,nan,nan,27
7481,119,410,nan,nan,27
7481,127,405,nan,nan,27
7481,127,170,nan,nan,27
7481,127,161,nan,nan,27
7481,127,672,nan,nan,27
7481,129,615,nan,nan,27
7481,129,455,nan,nan,27
7481,129,524,nan,nan,27
7481,129,316,nan,nan,27
7481,129,180,nan,nan,27
7481,129,465,nan,nan,27
7481,129,183,nan,nan,27
7481,129,195,nan,nan,27
7481,129,430,nan,nan,27
7481,129,591,nan,nan,27
7481,129,526,nan,nan,27
7481,129,251,nan,nan,27
7481,129,52,nan,nan,27
7481,129,36,nan,nan,27
7481,129,498,nan,nan,27
7481,129,161,nan,nan,27
7481,129,51,nan,nan,27
7481,129,79,nan,nan,27
7481,129,637,nan,nan,27
7481,134,663,nan,nan,27
7481,134,164,nan,nan,27
7481,134,645,nan,nan,27
7481,134,24,nan,nan,27
7481,134,450,nan,nan,27
7481,134,195,nan,nan,27
7481,134,297,nan,nan,27
7481,134,131,nan,nan,27
7481,134,678,nan,nan,27
7481,134,454,nan,nan,27
7481,134,223,nan,nan,27
7481,134,327,nan,nan,27
7481,135,551,nan,nan,27
7481,135,130,nan,nan,27
7481,135,375,nan,nan,27
7481,135,671,nan,nan,27
7481,135,48,nan,nan,27
7481,135,249,nan,nan,27
7481,135,546,nan,nan,27
7481,135,254,nan,nan,27
7481,135,39,nan,nan,27
7481,135,643,nan,nan,27
7481,135,527,nan,nan,27
7481,135,215,nan,nan,27
7481,135,378,nan,nan,27
7481,135,289,nan,nan,27
7481,135,443,nan,nan,27
7481,137,500,nan,nan,27
7481,137,355,nan,nan,27
7481,137,442,nan,nan,27
7481,137,687,nan,nan,27
7481,137,641,nan,nan,27
7481,137,408,nan,nan,27
7481,137,514,nan,nan,27
7481,137,123,nan,nan,27
7481,137,641,nan,nan,27
7481,137,229,nan,nan,27
7481,137,435,nan,nan,27
7481,137,502,nan,nan,27
7481,137,653,nan,nan,27
7481,137,311,nan,nan,27
7481,137,209,nan,nan,27
7481,137,178,nan,nan,27
7481,137,349,nan,nan,27
7481,137,101,nan,nan,27
7481,138,641,nan,nan,27
7481,138,44,nan,nan,27
7481,138,209,nan,nan,27
7481,138,6,nan,nan,27
7481,138,62,nan,nan,27
7481,138,624,nan,nan,27
7481,138,589,nan,nan,27
7481,138,694,nan,nan,27
7481,138,150,nan,nan,27
7481,138,543,nan,nan,27
7481,138,436,nan,nan,27
7481,138,656,nan,nan,27
7481,138,84,nan,nan,27
7481,138,451,nan,nan,27
7481,138,643,nan,nan,27
7481,138,250,nan,nan,27
7481,140,649,nan,nan,27
7481,140,334,nan,nan,27
7481,140,390,nan,nan,27
7481,140,304,nan,nan,27
7481,140,636,nan,nan,27
7481,140,500,nan,nan,27
7481,140,348,nan,nan,27
7481,140,214,nan,nan,27
7481,140,154,nan,nan,27
7481,140,121,nan,nan,27
7481,140,223,nan,nan,27
7481,140,214,nan,nan,27
7481,140,6,nan,nan,27
7481,140,200,nan,nan,27
7481,140,107,nan,nan,27
7481,140,488,nan,nan,27
7481,140,131,nan,nan,27
7481,145,636,nan,nan,27
7481,145,275,nan,nan,27
7481,145,636,nan,nan,27
7481,145,249,nan,nan,27
7481,145,278,nan,nan,27
7481,145,493,nan,nan,27
7481,145,304,nan,nan,27
7481,145,555,nan,nan,27
7481,145,250,nan,nan,27
7481,145,470,nan,nan,27
7481,145,647,nan,nan,27
7481,146,144,nan,nan,27
7481,146,432,nan,nan,27
7481,146,105,nan,nan,27
7481,146,555,nan,nan,27
7481,146,26,nan,nan,27
7481,146,152,nan,nan,27
7481,146,648,nan,nan,27
7481,146,594,nan,nan,27
7481,146,166,nan,nan,27
7481,146,416,nan,nan,27
7481,146,49,nan,nan,27
7481,146,3,nan,nan,27
7481,146,499,nan,nan,27
7481,146,598,nan,nan,27
7481,146,214,nan,nan,27
7481,146,410,nan,nan,27
7481,146,623,nan,nan,27
7481,146,692,nan,nan,27
7481,148,137,nan,nan,27
7481,148,296,nan,nan,27
7481,148,634,nan,nan,27
7481,148,10,nan,nan,27
7481,148,692,nan,nan,27
7481,148,370,nan,nan,27
7481,148,184,nan,nan,27
7481,148,445,nan,nan,27
7481,148,330,nan,nan,27
7481,148,379,nan,nan,27
7481,150,179,nan,nan,27
7481,150,263,nan,nan,27
7481,150,285,nan,nan,27
7481,150,226,nan,nan,27
7481,150,330,nan,nan,27
7481,150,422,nan,nan,27
7481,150,556,nan,nan,27
7481,150,91,nan,nan,27
7481,150,385,nan,nan,27
7481,150,156,nan,nan,27
7481,150,240,nan,nan,27
7481,150,85,nan,nan,27
7481,150,179,nan,nan,27
7481,150,118,nan,nan,27
7481,152,628,nan,nan,27
7481,152,40,nan,nan,27
7481,152,221,nan,nan,27
7481,152,410,nan,nan,27
7481,152,202,nan,nan,27
7481,152,666,nan,nan,27
7481,152,112,nan,nan,27
7481,152,552,nan,nan,27
7481,152,176,nan,nan,27
7481,152,640,nan,nan,27
7481,152,414,nan,nan,27
7481,152,109,nan,nan,27
7481,152,554,nan,nan,27
7481,152,604,nan,nan,27
7481,153,216,nan,nan,27
7481,153,559,nan,nan,27
7481,153,644,nan,nan,27
7481,153,692,nan,nan,27
7481,153,391,nan,nan,27
7481,153,137,nan,nan,27
7481,153,315,nan,nan,27
7481,153,550,nan,nan,27
7481,154,374,nan,nan,27
7481,154,190,nan,nan,27
7481,154,187,nan,nan,27
7481,154,536,nan,nan,27
7481,154,278,nan,nan,27
7481,154,205,nan,nan,27
7481,154,309,nan,nan,27
7481,154,145,nan,nan,27
7481,154,228,nan,nan,27
7481,154,145,nan,nan,27
7482,10,206,nan,nan,28
7482,10,469,nan,nan,28
7482,10,600,nan,nan,28
7482,20,377,nan,nan,28
7482,50,129,nan,nan,28
7482,50,93,nan,nan,28
7482,72,543,nan,nan,28
7482,72,525,nan,nan,28
7482,89,613,nan,nan,28
7482,89,641,nan,nan,28
7482,107,547,nan,nan,28
7482,107,114,nan,nan,28
7482,107,293,nan,nan,28
7482,114,177,nan,nan,28
7482,114,315,nan,nan,28
7482,124,277,nan,nan,28
7482,124,234,nan,nan,28
7482,126,193,nan,nan,28
7482,144,426,nan,nan,28
7482,144,293,nan,nan,28
7482,144,263,nan,nan,28
7482,144,345,nan,nan,28
7482,145,243,nan,nan,28
7483,1,339,nan,nan,35
7483,1,427,nan,nan,35
7483,1,270,nan,nan,35
7483,1,239,nan,nan,35
7483,1,241,nan,nan,35
7483,1,308,nan,nan,35
7483,1,676,nan,nan,35
7483,1,25,nan,nan,35
7483,1,415,nan,nan,35
7483,1,25,nan,nan,35
7483,1,69,nan,nan,35
7483,1,278,nan,nan,35
7483,1,535,nan,nan,35
7483,1,144,nan,nan,35
7483,2,544,nan,nan,35
7483,2,547,nan,nan,35
7483,2,42,nan,nan,35
7483,2,604,nan,nan,35
7483,2,25,nan,nan,35
7483,2,103,nan,nan,35
7483,2,54,nan,nan,35
7483,2,480,nan,nan,35
7483,2,480,nan,nan,35
7483,2,246,nan,nan,35
7483,2,233,nan,nan,35
7483,2,302,nan,nan,35
7483,2,86,nan,nan,35
7483,2,293,nan,nan,35
7483,2,585,nan,nan,35
7483,4,27,nan,nan,35
7483,4,550,nan,nan,35
7483,4,676,nan,nan,35
7483,4,381,nan,nan,35
7483,4,380,nan,nan,35
7483,4,339,nan,nan,35
7483,4,215,nan,nan,35
7483,4,484,nan,nan,35
7483,4,69,nan,nan,35
7483,8,225,nan,nan,35
7483,8,632,nan,nan,35
7483,8,189,nan,nan,35
7483,8,675,nan,nan,35
7483,8,439,nan,nan,35
7483,8,189,nan,nan,35
7483,8,638,nan,nan,35
7483,8,458,nan,nan,35
7483,8,127,nan,nan,35
7483,8,544,nan,nan,35
7483,11,426,nan,nan,35
7483,11,529,nan,nan,35
7483,11,599,nan,nan,35
7483,11,665,nan,nan,35
7483,15,235,nan,nan,35
7483,15,408,nan,nan,35
7483,15,50,nan,nan,35
7483,15,570,nan,nan,35
7483,15,618,nan,nan,35
7483,15,116,nan,nan,35
7483,15,649,nan,nan,35
7483,15,2,nan,nan,35
7483,17,475,nan,nan,35
7483,17,294,nan,nan,35
7483,17,40,nan,nan,35
7483,17,405,nan,nan,35
7483,17,190,nan,nan,35
7483,17,578,nan,nan,35
7483,17,381,nan,nan,35
7483,17,23,nan,nan,35
7483,17,106,nan,nan,35
7483,17,42,nan,nan,35
7483,17,588,nan,nan,35
7483,17,158,nan,nan,35
7483,17,126,nan,nan,35
7483,17,628,nan,nan,35
7483,17,484,nan,nan,35
7483,17,360,nan,nan,35
7483,17,230,nan,nan,35
7483,17,584,nan,nan,35
7483,18,79,nan,nan,35
7483,18,319,nan,nan,35
7483,18,319,nan,nan,35
7483,18,429,nan,nan,35
7483,18,507,nan,nan,35
7483,18,340,nan,nan,35
7483,18,649,nan,nan,35
7483,18,666,nan,nan,35
7483,18,255,nan,nan,35
7483,18,572,nan,nan,35
7483,18,656,nan,nan,35
7483,18,387,nan,nan,35
7483,18,665,nan,nan,35
7483,19,155,nan,nan,35
7483,19,270,nan,nan,35
7483,19,429,nan,nan,35
7483,19,694,nan,nan,35
7483,19,156,nan,nan,35
7483,19,431,nan,nan,35
7483,19,301,nan,nan,35
7483,19,422,nan,nan,35
7483,19,377,nan,nan,35
7483,19,590,nan,nan,35
7483,20,144,nan,nan,35
7483,20,184,nan,nan,35
7483,20,405,nan,nan,35
7483,20,225,nan,nan,35
7483,20,688,nan,nan,35
7483,20,378,nan,nan,35
7483,20,119,nan,nan,35
7483,20,500,nan,nan,35
7483,20,654,nan,nan,35
7483,20,189,nan,nan,35
7483,20,680,nan,nan,35
7483,21,82,4,0.02,35
7483,21,238,nan,nan,35
7483,21,595,nan,nan,35
7483,21,564,nan,nan,35
7483,21,281,nan,nan,35
7483,21,429,nan,nan,35
7483,21,31,nan,nan,35
7483,21,101,nan,nan,35
7483,21,38,nan,nan,35
7483,21,182,nan,nan,35
7483,21,146,nan,nan,35
7483,21,34,nan,nan,35
7483,22,449,nan,nan,35
7483,22,374,nan,nan,35
7483,22,96,nan,nan,35
7483,22,592,nan,nan,35
7483,22,538,nan,nan,35
7483,22,351,nan,nan,35
7483,22,566,nan,nan,35
7483,24,95,nan,nan,35
7483,24,316,nan,nan,35
7483,24,548,nan,nan,35
7483,24,318,nan,nan,35
7483,24,235,nan,nan,35
7483,24,449,nan,nan,35
7483,24,195,nan,nan,35
7483,24,312,nan,nan,35
7483,26,531,nan,nan,35
7483,26,3,nan,nan,35
7483,26,466,nan,nan,35
7483,26,425,nan,nan,35
7483,26,95,nan,nan,35
7483,26,89,nan,nan,35
7483,26,70,nan,nan,35
7483,26,281,nan,nan,35
7483,26,95,nan,nan,35
7483,26,457,nan,nan,35
7483,27,358,nan,nan,35
7483,27,102,nan,nan,35
7483,27,171,nan,nan,35
7483,27,237,nan,nan,35
7483,27,672,nan,nan,35
7483,27,588,nan,nan,35
7483,27,140,nan,nan,35
7483,27,475,nan,nan,35
7483,27,591,nan,nan,35
7483,27,137,nan,nan,35
7483,27,166,nan,nan,35
7483,27,327,nan,nan,35
7483,27,197,nan,nan,35
7483,31,114,nan,nan,35
7483,31,527,nan,nan,35
7483,31,133,nan,nan,35
7483,31,419,nan,nan,35
7483,31,476,nan,nan,35
7483,31,60,nan,nan,35
7483,31,643,nan,nan,35
7483,31,426,nan,nan,35
7483,31,333,nan,nan,35
7483,31,401,nan,nan,35
7483,31,535,nan,nan,35
7483,31,248,nan,nan,35
7483,31,64,nan,nan,35
7483,32,228,nan,nan,35
7483,32,146,nan,nan,35
7483,32,472,nan,nan,35
7483,32,301,nan,nan,35
7483,32,496,nan,nan,35
7483,32,28,nan,nan,35
7483,32,454,nan,nan,35
7483,33,613,nan,nan,35
7483,33,233,nan,nan,35
7483,33,496,nan,nan,35
7483,33,678,nan,nan,35
7483,33,250,nan,nan,35
7483,33,589,nan,nan,35
7483,33,334,nan,nan,35
7483,33,123,nan,nan,35
7483,33,182,nan,nan,35
7483,33,316,nan,nan,35
7483,33,624,nan,nan,35
7483,33,451,nan,nan,35
7483,33,643,nan,nan,35
7483,33,311,nan,nan,35
7483,35,435,nan,nan,35
7483,35,404,nan,nan,35
7483,35,256,nan,nan,35
7483,35,619,nan,nan,35
7483,35,590,nan,nan,35
7483,35,608,nan,nan,35
7483,35,84,nan,nan,35
7483,35,329,nan,nan,35
7483,35,311,nan,nan,35
7483,35,543,nan,nan,35
7483,35,333,nan,nan,35
7483,36,695,nan,nan,35
7483,36,375,nan,nan,35
7483,36,321,nan,nan,35
7483,36,329,nan,nan,35
7483,36,29,nan,nan,35
7483,36,649,nan,nan,35
7483,36,644,nan,nan,35
7483,36,379,nan,nan,35
7483,36,451,nan,nan,35
7483,36,687,nan,nan,35
7483,36,213,nan,nan,35
7483,36,488,nan,nan,35
7483,36,558,nan,nan,35
7483,36,637,nan,nan,35
7483,37,213,nan,nan,35
7483,37,304,nan,nan,35
7483,37,566,nan,nan,35
7483,37,47,nan,nan,35
7483,37,269,nan,nan,35
7483,37,201,nan,nan,35
7483,37,75,nan,nan,35
7483,37,637,nan,nan,35
7483,37,213,nan,nan,35
7483,37,632,nan,nan,35
7483,37,313,nan,nan,35
7483,37,180,nan,nan,35
7483,37,444,nan,nan,35
7483,40,404,nan,nan,35
7483,40,45,nan,nan,35
7483,40,408,nan,nan,35
7483,40,242,nan,nan,35
7483,40,493,nan,nan,35
7483,40,587,nan,nan,35
7483,40,543,nan,nan,35
7483,40,351,nan,nan,35
7483,40,634,nan,nan,35
7483,42,287,nan,nan,35
7483,42,648,nan,nan,35
7483,42,477,nan,nan,35
7483,42,57,nan,nan,35
7483,42,663,nan,nan,35
7483,42,333,nan,nan,35
7483,42,63,nan,nan,35
7483,42,376,nan,nan,35
7483,42,647,nan,nan,35
7483,42,653,nan,nan,35
7483,42,17,nan,nan,35
7483,42,648,nan,nan,35
7483,44,614,nan,nan,35
7483,44,495,nan,nan,35
7483,44,286,nan,nan,35
7483,44,545,nan,nan,35
7483,44,614,nan,nan,35
7483,44,59,nan,nan,35
7483,44,581,nan,nan,35
7483,44,633,nan,nan,35
7483,44,232,nan,nan,35
7483,44,259,nan,nan,35
7483,44,268,nan,nan,35
7483,44,691,nan,nan,35
7483,44,90,nan,nan,35
7483,44,376,nan,nan,35
7483,44,305,nan,nan,35
7483,49,289,nan,nan,35
7483,49,145,nan,nan,35
7483,49,87,nan,nan,35
7483,49,89,nan,nan,35
7483,49,683,nan,nan,35
7483,49,521,nan,nan,35
7483,49,258,nan,nan,35
7483,49,615,nan,nan,35
7483,49,294,nan,nan,35
7483,49,120,nan,nan,35
7483,49,306,nan,nan,35
7483,49,139,nan,nan,35
7483,50,479,nan,nan,35
7483,50,157,nan,nan,35
7483,50,41,nan,nan,35
7483,50,611,nan,nan,35
7483,50,233,nan,nan,35
7483,50,380,nan,nan,35
7483,50,236,nan,nan,35
7483,50,196,nan,nan,35
7483,50,247,nan,nan,35
7483,52,390,nan,nan,35
7483,52,212,nan,nan,35
7483,52,240,nan,nan,35
7483,52,301,nan,nan,35
7483,52,683,nan,nan,35
7483,52,420,nan,nan,35
7483,52,351,nan,nan,35
7483,52,252,nan,nan,35
7483,52,638,nan,nan,35
7483,52,247,nan,nan,35
7483,52,545,nan,nan,35
7483,52,329,nan,nan,35
7483,52,90,nan,nan,35
7483,52,420,nan,nan,35
7483,55,228,nan,nan,35
7483,55,93,nan,nan,35
7483,55,636,nan,nan,35
7483,55,666,nan,nan,35
7483,55,84,nan,nan,35
7483,55,623,nan,nan,35
7483,56,354,nan,nan,35
7483,56,4,nan,nan,35
7483,56,293,nan,nan,35
7483,56,450,nan,nan,35
7483,56,659,nan,nan,35
7483,56,679,nan,nan,35
7483,57,109,nan,nan,35
7483,57,226,nan,nan,35
7483,57,59,nan,nan,35
7483,57,209,nan,nan,35
7483,57,377,nan,nan,35
7483,57,5,nan,nan,35
7483,57,201,nan,nan,35
7483,57,526,nan,nan,35
7483,58,547,nan,nan,35
7483,58,175,nan,nan,35
7483,58,446,nan,nan,35
7483,58,657,nan,nan,35
7483,58,657,nan,nan,35
7483,58,629,nan,nan,35
7483,58,238,nan,nan,35
7483,58,301,nan,nan,35
7483,58,358,nan,nan,35
7483,58,19,nan,nan,35
7483,58,600,nan,nan,35
7483,58,325,nan,nan,35
7483,58,590,nan,nan,35
7483,58,101,nan,nan,35
7483,58,179,nan,nan,35
7483,59,547,nan,nan,35
7483,59,234,nan,nan,35
7483,59,314,nan,nan,35
7483,59,558,nan,nan,35
7483,59,465,nan,nan,35
7483,59,679,nan,nan,35
7483,59,27,nan,nan,35
7483,59,665,nan,nan,35
7483,59,61,nan,nan,35
7483,59,610,nan,nan,35
7483,59,175,nan,nan,35
7483,59,230,nan,nan,35
7483,59,27,nan,nan,35
7483,59,60,nan,nan,35
7483,59,543,nan,nan,35
7483,59,411,nan,nan,35
7483,59,66,nan,nan,35
7483,60,292,nan,nan,35
7483,60,27,nan,nan,35
7483,60,37,nan,nan,35
7483,60,82,nan,nan,35
7483,60,133,nan,nan,35
7483,60,278,nan,nan,35
7483,60,54,nan,nan,35
7483,60,527,nan,nan,35
7483,60,65,nan,nan,35
7483,60,226,nan,nan,35
7483,60,600,nan,nan,35
7483,60,60,nan,nan,35
7483,61,447,nan,nan,35
7483,61,201,nan,nan,35
7483,61,572,nan,nan,35
7483,61,167,nan,nan,35
7483,61,226,nan,nan,35
7483,61,630,4,0.02,35
7483,61,562,nan,nan,35
7483,61,519,nan,nan,35
7483,61,579,nan,nan,35
7483,61,26,nan,nan,35
7483,61,53,nan,nan,35
7483,61,133,nan,nan,35
7483,61,127,nan,nan,35
7483,61,681,nan,nan,35
7483,62,213,nan,nan,35
7483,62,94,nan,nan,35
7483,62,103,nan,nan,35
7483,62,321,nan,nan,35
7483,62,282,nan,nan,35
7483,62,282,nan,nan,35
7483,62,655,nan,nan,35
7483,62,326,nan,nan,35
7483,62,626,nan,nan,35
7483,63,51,nan,nan,35
7483,63,306,nan,nan,35
7483,63,263,nan,nan,35
7483,63,371,nan,nan,35
7483,63,483,nan,nan,35
7483,63,234,nan,nan,35
7483,63,342,nan,nan,35
7483,63,514,nan,nan,35
7483,63,649,nan,nan,35
7483,63,2,nan,nan,35
7483,63,546,nan,nan,35
7483,65,251,nan,nan,35
7483,65,531,nan,nan,35
7483,65,2,nan,nan,35
7483,65,507,nan,nan,35
7483,65,376,nan,nan,35
7483,65,270,nan,nan,35
7483,65,546,nan,nan,35
7483,65,67,nan,nan,35
7483,65,484,nan,nan,35
7483,65,570,nan,nan,35
7483,65,226,nan,nan,35
7483,65,289,nan,nan,35
7483,65,561,nan,nan,35
7483,65,584,nan,nan,35
7483,65,652,nan,nan,35
7483,66,321,nan,nan,35
7483,66,686,nan,nan,35
7483,66,136,nan,nan,35
7483,66,321,nan,nan,35
7483,66,42,nan,nan,35
7483,66,359,nan,nan,35
7483,66,78,nan,nan,35
7483,67,529,nan,nan,35
7483,67,469,nan,nan,35
7483,67,661,nan,nan,35
7483,67,9,nan,nan,35
7483,67,347,nan,nan,35
7483,67,400,nan,nan,35
7483,67,90,nan,nan,35
7483,67,520,nan,nan,35
7483,67,476,nan,nan,35
7483,67,192,nan,nan,35
7483,67,83,nan,nan,35
7483,67,174,nan,nan,35
7483,67,490,nan,nan,35
7483,70,285,nan,nan,35
7483,70,698,nan,nan,35
7483,70,97,nan,nan,35
7483,70,311,nan,nan,35
7483,70,690,nan,nan,35
7483,70,405,nan,nan,35
7483,70,648,nan,nan,35
7483,70,64,nan,nan,35
7483,71,412,nan,nan,35
7483,71,178,nan,nan,35
7483,71,405,nan,nan,35
7483,71,429,nan,nan,35
7483,71,35,nan,nan,35
7483,71,119,nan,nan,35
7483,71,621,nan,nan,35
7483,71,427,nan,nan,35
7483,71,619,nan,nan,35
7483,71,697,nan,nan,35
7483,71,690,nan,nan,35
7483,71,329,nan,nan,35
7483,71,361,nan,nan,35
7483,71,405,nan,nan,35
7483,73,569,nan,nan,35
7483,73,693,nan,nan,35
7483,73,549,nan,nan,35
7483,73,445,nan,nan,35
7483,73,472,nan,nan,35
7483,73,303,nan,nan,35
7483,73,182,nan,nan,35
7483,73,176,nan,nan,35
7483,74,651,nan,nan,35
7483,74,223,nan,nan,35
7483,74,632,nan,nan,35
7483,74,356,nan,nan,35
7483,74,578,nan,nan,35
7483,74,250,nan,nan,35
7483,74,617,nan,nan,35
7483,75,52,nan,nan,35
7483,75,374,nan,nan,35
7483,75,174,nan,nan,35
7483,75,150,nan,nan,35
7483,75,40,nan,nan,35
7483,75,187,nan,nan,35
7483,75,197,nan,nan,35
7483,78,13,nan,nan,35
7483,78,606,nan,nan,35
7483,78,122,nan,nan,35
7483,78,650,nan,nan,35
7483,78,70,nan,nan,35
7483,78,680,nan,nan,35
7483,78,201,nan,nan,35
7483,78,67,nan,nan,35
7483,78,380,nan,nan,35
7483,78,305,nan,nan,35
7483,78,457,nan,nan,35
7483,78,79,nan,nan,35
7483,78,449,nan,nan,35
7483,79,166,nan,nan,35
7483,79,6,nan,nan,35
7483,79,653,nan,nan,35
7483,79,674,nan,nan,35
7483,79,438,nan,nan,35
7483,79,449,nan,nan,35
7483,79,487,nan,nan,35
7483,79,442,nan,nan,35
7483,79,71,nan,nan,35
7483,79,275,nan,nan,35
7483,79,680,nan,nan,35
7483,79,3,nan,nan,35
7483,79,355,nan,nan,35
7483,79,188,nan,nan,35
7483,82,283,nan,nan,35
7483,82,268,nan,nan,35
7483,82,187,nan,nan,35
7483,82,206,nan,nan,35
7483,82,643,nan,nan,35
7483,82,89,nan,nan,35
7483,82,611,nan,nan,35
7483,82,437,nan,nan,35
7483,82,380,nan,nan,35
7483,82,303,nan,nan,35
7483,82,208,nan,nan,35
7483,82,409,nan,nan,35
7483,84,362,nan,nan,35
7483,84,380,nan,nan,35
7483,84,227,nan,nan,35
7483,84,614,nan,nan,35
7483,84,690,nan,nan,35
7483,84,613,nan,nan,35
7483,84,663,nan,nan,35
7483,84,419,nan,nan,35
7483,84,681,nan,nan,35
7483,84,151,nan,nan,35
7483,84,500,nan,nan,35
7483,84,577,nan,nan,35
7483,84,317,nan,nan,35
7483,84,603,nan,nan,35
7483,84,641,nan,nan,35
7483,84,45,nan,nan,35
7483,84,439,nan,nan,35
7483,84,72,nan,nan,35
7483,86,527,nan,nan,35
7483,86,419,nan,nan,35
7483,86,11,nan,nan,35
7483,86,55,nan,nan,35
7483,86,20,nan,nan,35
7483,86,223,nan,nan,35
7483,86,85,nan,nan,35
7483,86,172,nan,nan,35
7483,86,334,nan,nan,35
7483,88,571,nan,nan,35
7483,88,219,nan,nan,35
7483,88,613,nan,nan,35
7483,88,404,nan,nan,35
7483,88,462,nan,nan,35
7483,88,589,nan,nan,35
7483,88,467,nan,nan,35
7483,88,310,nan,nan,35
7483,89,20,nan,nan,35
7483,89,503,nan,nan,35
7483,89,687,nan,nan,35
7483,89,143,nan,nan,35
7483,89,227,nan,nan,35
7483,89,493,nan,nan,35
7483,89,488,nan,nan,35
7483,89,589,nan,nan,35
7483,89,438,nan,nan,35
7483,89,288,nan,nan,35
7483,89,403,nan,nan,35
7483,89,401,nan,nan,35
7483,89,398,nan,nan,35
7483,89,240,nan,nan,35
7483,89,84,nan,nan,35
7483,89,634,nan,nan,35
7483,89,663,nan,nan,35
7483,92,262,nan,nan,35
7483,92,634,nan,nan,35
7483,92,422,nan,nan,35
7483,92,193,nan,nan,35
7483,92,629,nan,nan,35
7483,92,558,nan,nan,35
7483,92,438,nan,nan,35
7483,92,413,nan,nan,35
7483,94,227,nan,nan,35
7483,94,31,nan,nan,35
7483,94,580,nan,nan,35
7483,94,379,nan,nan,35
7483,94,518,nan,nan,35
7483,94,16,nan,nan,35
7483,94,637,nan,nan,35
7483,94,581,nan,nan,35
7483,94,265,nan,nan,35
7483,94,94,nan,nan,35
7483,94,620,nan,nan,35
7483,94,350,nan,nan,35
7483,94,647,nan,nan,35
7483,94,670,nan,nan,35
7483,94,638,nan,nan,35
7483,94,302,nan,nan,35
7483,94,191,nan,nan,35
7483,95,406,nan,nan,35
7483,95,224,nan,nan,35
7483,95,520,nan,nan,35
7483,95,105,nan,nan,35
7483,95,287,nan,nan,35
7483,95,481,nan,nan,35
7483,95,581,nan,nan,35
7483,96,190,nan,nan,35
7483,96,296,nan,nan,35
7483,96,468,nan,nan,35
7483,96,501,nan,nan,35
7483,96,2,nan,nan,35
7483,96,637,nan,nan,35
7483,96,94,nan,nan,35
7483,96,263,nan,nan,35
7483,96,100,nan,nan,35
7483,96,138,nan,nan,35
7483,96,312,nan,nan,35
7483,96,59,nan,nan,35
7483,96,385,nan,nan,35
7483,96,352,nan,nan,35
7483,96,145,nan,nan,35
7483,96,340,nan,nan,35
7483,96,627,nan,nan,35
7483,96,577,nan,nan,35
7483,97,634,nan,nan,35
7483,97,602,nan,nan,35
7483,97,227,nan,nan,35
7483,97,99,nan,nan,35
7483,97,503,nan,nan,35
7483,97,105,nan,nan,35
7483,97,691,nan,nan,35
7483,97,630,nan,nan,35
7483,97,350,nan,nan,35
7483,97,125,nan,nan,35
7483,97,581,nan,nan,35
7483,97,276,nan,nan,35
7483,97,379,nan,nan,35
7483,97,278,nan,nan,35
7483,100,337,nan,nan,35
7483,100,22,nan,nan,35
7483,100,192,nan,nan,35
7483,100,301,nan,nan,35
7483,100,96,nan,nan,35
7483,100,126,nan,nan,35
7483,100,175,nan,nan,35
7483,100,165,nan,nan,35
7483,100,543,nan,nan,35
7483,100,223,nan,nan,35
7483,100,174,nan,nan,35
7483,100,183,nan,nan,35
7483,100,533,nan,nan,35
7483,101,19,nan,nan,35
7483,101,625,nan,nan,35
7483,101,432,nan,nan,35
7483,101,692,nan,nan,35
7483,101,572,nan,nan,35
7483,101,488,nan,nan,35
7483,101,599,nan,nan,35
7483,101,285,nan,nan,35
7483,101,109,nan,nan,35
7483,101,554,nan,nan,35
7483,101,110,nan,nan,35
7483,101,669,nan,nan,35
7483,101,432,nan,nan,35
7483,101,695,nan,nan,35
7483,102,127,nan,nan,35
7483,102,210,nan,nan,35
7483,102,295,nan,nan,35
7483,102,394,nan,nan,35
7483,102,178,nan,nan,35
7483,102,181,nan,nan,35
7483,102,216,nan,nan,35
7483,102,644,nan,nan,35
7483,102,558,nan,nan,35
7483,102,231,nan,nan,35
7483,102,513,nan,nan,35
7483,102,81,nan,nan,35
7483,102,44,nan,nan,35
7483,102,651,nan,nan,35
7483,102,625,nan,nan,35
7483,103,644,nan,nan,35
7483,103,180,nan,nan,35
7483,103,464,nan,nan,35
7483,103,67,nan,nan,35
7483,103,292,nan,nan,35
7483,103,520,nan,nan,35
7483,103,597,nan,nan,35
7483,103,574,nan,nan,35
7483,104,106,nan,nan,35
7483,104,539,nan,nan,35
7483,104,473,nan,nan,35
7483,104,228,nan,nan,35
7483,104,487,nan,nan,35
7483,104,380,nan,nan,35
7483,104,191,nan,nan,35
7483,104,662,nan,nan,35
7483,104,614,nan,nan,35
7483,104,380,nan,nan,35
7483,105,577,nan,nan,35
7483,105,536,nan,nan,35
7483,105,147,nan,nan,35
7483,105,371,nan,nan,35
7483,105,336,nan,nan,35
7483,105,698,nan,nan,35
7483,105,73,nan,nan,35
7483,105,450,nan,nan,35
7483,105,57,nan,nan,35
7483,105,507,nan,nan,35
7483,105,580,nan,nan,35
7483,105,547,nan,nan,35
7483,107,336,nan,nan,35
7483,107,201,nan,nan,35
7483,107,474,nan,nan,35
7483,107,79,nan,nan,35
7483,107,321,nan,nan,35
7483,107,393,nan,nan,35
7483,107,480,nan,nan,35
7483,107,389,nan,nan,35
7483,107,436,nan,nan,35
7483,107,499,nan,nan,35
7483,107,480,nan,nan,35
7483,107,63,nan,nan,35
7483,107,434,nan,nan,35
7483,107,624,nan,nan,35
7483,107,578,nan,nan,35
7483,111,181,nan,nan,35
7483,111,37,nan,nan,35
7483,111,355,nan,nan,35
7483,111,326,nan,nan,35
7483,111,67,nan,nan,35
7483,111,66,nan,nan,35
7483,111,442,nan,nan,35
7483,111,314,nan,nan,35
7483,111,314,nan,nan,35
7483,111,92,nan,nan,35
7483,111,112,nan,nan,35
7483,111,67,nan,nan,35
7483,111,676,nan,nan,35
7483,111,36,nan,nan,35
7483,111,89,nan,nan,35
7483,111,331,nan,nan,35
7483,111,100,nan,nan,35
7483,111,71,nan,nan,35
7483,111,293,nan,nan,35
7483,111,614,nan,nan,35
7483,112,617,nan,nan,35
7483,112,127,nan,nan,35
7483,112,314,nan,nan,35
7483,112,433,nan,nan,35
7483,112,224,nan,nan,35
7483,112,191,nan,nan,35
7483,112,427,nan,nan,35
7483,112,89,nan,nan,35
7483,112,104,nan,nan,35
7483,112,435,nan,nan,35
7483,112,151,nan,nan,35
7483,114,2,nan,nan,35
7483,114,367,nan,nan,35
7483,114,8,nan,nan,35
7483,114,614,nan,nan,35
7483,114,32,nan,nan,35
7483,114,32,nan,nan,35
7483,114,697,nan,nan,35
7483,114,103,nan,nan,35
7483,115,99,nan,nan,35
7483,115,534,nan,nan,35
7483,115,413,nan,nan,35
7483,115,117,nan,nan,35
7483,115,376,nan,nan,35
7483,115,184,nan,nan,35
7483,115,150,nan,nan,35
7483,115,592,nan,nan,35
7483,115,270,nan,nan,35
7483,115,306,nan,nan,35
7483,117,347,nan,nan,35
7483,117,305,nan,nan,35
7483,117,68,nan,nan,35
7483,117,594,nan,nan,35
7483,117,545,nan,nan,35
7483,117,206,nan,nan,35
7483,117,389,nan,nan,35
7483,117,447,nan,nan,35
7483,117,124,nan,nan,35
7483,117,531,nan,nan,35
7483,117,321,nan,nan,35
7483,117,665,nan,nan,35
7483,117,116,nan,nan,35
7483,117,176,nan,nan,35
7483,117,490,nan,nan,35
7483,117,562,nan,nan,35
7483,117,73,nan,nan,35
7483,118,529,nan,nan,35
7483,118,186,nan,nan,35
7483,118,371,nan,nan,35
7483,118,79,nan,nan,35
7483,118,490,nan,nan,35
7483,118,100,nan,nan,35
7483,118,562,nan,nan,35
7483,118,387,nan,nan,35
7483,118,686,nan,nan,35
7483,118,26,nan,nan,35
7483,118,500,nan,nan,35
7483,118,350,nan,nan,35
7483,118,307,nan,nan,35
7483,118,549,nan,nan,35
7483,118,142,nan,nan,35
7483,118,665,nan,nan,35
7483,118,519,nan,nan,35
7483,121,83,nan,nan,35
7483,121,234,nan,nan,35
7483,121,494,nan,nan,35
7483,121,53,nan,nan,35
7483,121,306,nan,nan,35
7483,121,456,nan,nan,35
7483,121,267,nan,nan,35
7483,121,191,nan,nan,35
7483,121,106,nan,nan,35
7483,121,40,nan,nan,35
7483,121,453,nan,nan,35
7483,122,432,nan,nan,35
7483,122,318,nan,nan,35
7483,122,450,nan,nan,35
7483,122,688,nan,nan,35
7483,122,395,nan,nan,35
7483,122,270,nan,nan,35
7483,122,378,nan,nan,35
7483,122,688,nan,nan,35
7483,122,541,nan,nan,35
7483,122,671,nan,nan,35
7483,122,61,nan,nan,35
7483,122,561,nan,nan,35
7483,122,88,nan,nan,35
7483,122,433,nan,nan,35
7483,122,171,nan,nan,35
7483,122,571,nan,nan,35
7483,122,130,nan,nan,35
7483,125,331,nan,nan,35
7483,125,79,nan,nan,35
7483,125,199,nan,nan,35
7483,125,80,nan,nan,35
7483,125,509,nan,nan,35
7483,125,656,nan,nan,35
7483,125,296,nan,nan,35
7483,125,419,nan,nan,35
7483,125,108,nan,nan,35
7483,126,581,nan,nan,35
7483,126,429,nan,nan,35
7483,126,161,nan,nan,35
7483,126,528,nan,nan,35
7483,126,9,nan,nan,35
7483,126,377,nan,nan,35
7483,126,163,nan,nan,35
7483,126,392,nan,nan,35
7483,126,231,nan,nan,35
7483,126,57,nan,nan,35
7483,126,355,nan,nan,35
7483,126,528,nan,nan,35
7483,127,199,nan,nan,35
7483,127,331,nan,nan,35
7483,127,70,nan,nan,35
7483,127,211,nan,nan,35
7483,127,583,nan,nan,35
7483,127,697,nan,nan,35
7483,127,342,nan,nan,35
7483,127,363,nan,nan,35
7483,127,48,nan,nan,35
7483,127,41,nan,nan,35
7483,127,408,nan,nan,35
7483,127,334,nan,nan,35
7483,127,610,nan,nan,35
7483,127,57,nan,nan,35
7483,127,79,nan,nan,35
7483,128,361,nan,nan,35
7483,128,284,nan,nan,35
7483,128,5,nan,nan,35
7483,128,600,nan,nan,35
7483,128,327,nan,nan,35
7483,128,615,nan,nan,35
7483,128,465,nan,nan,35
7483,128,439,nan,nan,35
7483,128,418,nan,nan,35
7483,128,9,nan,nan,35
7483,128,664,nan,nan,35
7483,128,265,nan,nan,35
7483,128,311,nan,nan,35
7483,128,142,nan,nan,35
7483,128,374,nan,nan,35
7483,128,498,nan,nan,35
7483,128,80,nan,nan,35
7483,129,9,nan,nan,35
7483,129,165,nan,nan,35
7483,129,662,nan,nan,35
7483,129,3,nan,nan,35
7483,129,290,nan,nan,35
7483,129,57,nan,nan,35
7483,129,457,nan,nan,35
7483,129,222,nan,nan,35
7483,129,380,nan,nan,35
7483,129,463,nan,nan,35
7483,129,165,nan,nan,35
7483,129,417,nan,nan,35
7483,129,524,nan,nan,35
7483,135,249,nan,nan,35
7483,135,643,nan,nan,35
7483,135,663,nan,nan,35
7483,135,686,nan,nan,35
7483,135,111,nan,nan,35
7483,135,20,nan,nan,35
7483,135,219,nan,nan,35
7483,135,208,nan,nan,35
7483,135,46,nan,nan,35
7483,135,533,nan,nan,35
7483,135,253,nan,nan,35
7483,135,19,nan,nan,35
7483,135,500,nan,nan,35
7483,135,260,nan,nan,35
7483,135,588,nan,nan,35
7483,135,551,nan,nan,35
7483,135,20,nan,nan,35
7483,135,613,nan,nan,35
7483,135,276,nan,nan,35
7483,136,80,nan,nan,35
7483,136,500,nan,nan,35
7483,136,603,nan,nan,35
7483,136,48,nan,nan,35
7483,136,349,nan,nan,35
7483,136,626,nan,nan,35
7483,136,209,nan,nan,35
7483,136,48,nan,nan,35
7483,136,14,nan,nan,35
7483,136,509,nan,nan,35
7483,136,531,nan,nan,35
7483,136,365,nan,nan,35
7483,136,681,nan,nan,35
7483,136,615,nan,nan,35
7483,136,43,nan,nan,35
7483,139,135,nan,nan,35
7483,139,363,nan,nan,35
7483,139,613,nan,nan,35
7483,139,454,nan,nan,35
7483,139,129,nan,nan,35
7483,139,213,nan,nan,35
7483,139,661,nan,nan,35
7483,139,100,nan,nan,35
7483,141,404,nan,nan,35
7483,141,282,nan,nan,35
7483,141,531,nan,nan,35
7483,141,245,nan,nan,35
7483,141,493,nan,nan,35
7483,141,258,nan,nan,35
7483,141,153,nan,nan,35
7483,141,465,nan,nan,35
7483,141,404,nan,nan,35
7483,141,214,nan,nan,35
7483,141,152,nan,nan,35
7483,141,321,nan,nan,35
7483,141,84,nan,nan,35
7483,141,602,nan,nan,35
7483,141,404,nan,nan,35
7483,145,460,nan,nan,35
7483,145,576,nan,nan,35
7483,145,567,nan,nan,35
7483,145,607,nan,nan,35
7483,145,635,nan,nan,35
7483,145,129,nan,nan,35
7483,145,454,nan,nan,35
7483,145,246,nan,nan,35
7483,145,34,nan,nan,35
7483,145,83,nan,nan,35
7483,145,91,nan,nan,35
7483,145,194,nan,nan,35
7483,145,375,nan,nan,35
7483,145,555,nan,nan,35
7483,147,326,nan,nan,35
7483,147,99,nan,nan,35
7483,147,368,nan,nan,35
7483,147,113,nan,nan,35
7483,147,518,nan,nan,35
7483,147,505,nan,nan,35
7483,147,542,nan,nan,35
7483,147,637,nan,nan,35
7483,147,635,nan,nan,35
7483,147,634,nan,nan,35
7483,147,625,nan,nan,35
7483,147,584,nan,nan,35
7483,147,62,nan,nan,35
7483,147,518,nan,nan,35
7483,147,654,nan,nan,35
7483,147,191,nan,nan,35
7483,148,691,nan,nan,35
7483,148,116,nan,nan,35
7483,148,113,nan,nan,35
7483,148,140,nan,nan,35
7483,148,167,nan,nan,35
7483,148,459,nan,nan,35
7483,148,339,nan,nan,35
7483,148,394,nan,nan,35
7483,149,97,nan,nan,35
7483,149,387,nan,nan,35
7483,149,643,nan,nan,35
7483,149,206,nan,nan,35
7483,149,540,nan,nan,35
7483,149,61,nan,nan,35
7483,149,611,nan,nan,35
7483,149,216,nan,nan,35
7483,149,343,nan,nan,35
7483,149,94,nan,nan,35
7483,149,581,nan,nan,35
7483,149,229,nan,nan,35
7483,151,644,nan,nan,35
7483,151,120,nan,nan,35
7483,151,528,nan,nan,35
7483,151,110,nan,nan,35
7483,151,595,nan,nan,35
7483,151,518,nan,nan,35
7483,151,225,nan,nan,35
7483,151,237,nan,nan,35
7483,151,194,nan,nan,35
7483,151,551,nan,nan,35
7483,151,551,nan,nan,35
7483,151,43,nan,nan,35
7483,151,628,nan,nan,35
7483,151,528,nan,nan,35
7483,152,258,nan,nan,35
7483,152,287,nan,nan,35
7483,152,433,nan,nan,35
7483,152,698,nan,nan,35
7483,152,94,nan,nan,35
7483,152,218,nan,nan,35
7483,152,331,nan,nan,35
7483,152,24,nan,nan,35
7483,152,585,nan,nan,35
7483,152,692,nan,nan,35
7483,152,178,nan,nan,35
7483,152,477,nan,nan,35
7483,152,604,nan,nan,35
7483,153,295,nan,nan,35
7483,153,299,nan,nan,35
7483,153,528,nan,nan,35
7483,153,461,nan,nan,35
7483,153,666,nan,nan,35
7483,153,100,nan,nan,35
7483,153,619,nan,nan,35
7483,153,481,nan,nan,35
7483,153,128,nan,nan,35
7483,153,110,nan,nan,35
7483,153,376,nan,nan,35
7483,153,590,nan,nan,35
7483,153,530,nan,nan,35
7483,153,154,nan,nan,35
7483,154,100,nan,nan,35
7483,154,59,nan,nan,35
7483,154,174,nan,nan,35
7483,154,694,nan,nan,35
7483,154,624,nan,nan,35
7483,154,355,nan,nan,35
7483,154,68,nan,nan,35
7483,154,274,nan,nan,35
7483,154,477,nan,nan,35
7483,155,113,nan,nan,35
7483,155,387,nan,nan,35
7483,155,273,nan,nan,35
7483,155,401,nan,nan,35
7483,155,607,nan,nan,35
7483,155,72,nan,nan,35
7483,155,435,nan,nan,35
7483,155,461,nan,nan,35
7483,155,301,nan,nan,35
7483,155,153,nan,nan,35
7483,155,539,nan,nan,35
7483,155,108,nan,nan,35
7483,155,380,nan,nan,35
7483,0,85,nan,nan,35
7483,52,420,nan,nan,35
7483,126,697,0,0.5,35
7484,7,549,nan,nan,54
7484,7,559,nan,nan,54
7484,7,669,nan,nan,54
7484,7,478,nan,nan,54
7484,7,550,nan,nan,54
7484,7,234,nan,nan,54
7484,7,209,nan,nan,54
7484,7,274,nan,nan,54
7484,30,275,nan,nan,54
7484,30,233,nan,nan,54
7484,30,591,nan,nan,54
7484,30,335,nan,nan,54
7484,48,379,nan,nan,54
7484,48,427,nan,nan,54
7484,48,39,nan,nan,54
7484,48,528,nan,nan,54
7484,48,105,nan,nan,54
7484,48,647,nan,nan,54
7484,48,575,nan,nan,54
7484,48,672,nan,nan,54
7484,58,201,nan,nan,54
7484,58,547,nan,nan,54
7484,58,579,nan,nan,54
7484,58,601,nan,nan,54
7484,70,245,nan,nan,54
7484,70,272,nan,nan,54
7484,70,102,nan,nan,54
7484,70,338,nan,nan,54
7484,70,145,nan,nan,54
7484,72,430,nan,nan,54
7484,72,119,nan,nan,54
7484,72,96,nan,nan,54
7484,72,309,0,0.5,54
7484,72,300,nan,nan,54
7484,72,313,nan,nan,54
7484,72,32,nan,nan,54
7484,74,542,nan,nan,54
7484,74,210,nan,nan,54
7484,74,306,nan,nan,54
7484,74,594,nan,nan,54
7484,74,541,nan,nan,54
7484,74,427,nan,nan,54
7484,74,9,nan,nan,54
7484,74,656,nan,nan,54
7484,79,555,nan,nan,54
7484,79,585,nan,nan,54
7484,79,442,nan,nan,54
7484,79,546,nan,nan,54
7484,79,302,nan,nan,54
7484,82,358,nan,nan,54
7484,82,464,nan,nan,54
7484,82,88,nan,nan,54
7484,82,440,nan,nan,54
7484,82,613,nan,nan,54
7484,88,493,nan,nan,54
7484,88,138,nan,nan,54
7484,88,634,nan,nan,54
7484,92,214,nan,nan,54
7484,92,410,nan,nan,54
7484,92,345,nan,nan,54
7484,92,636,nan,nan,54
7484,97,80,nan,nan,54
7484,97,75,nan,nan,54
7484,97,113,nan,nan,54
7484,97,140,nan,nan,54
7484,100,8,nan,nan,54
7484,100,194,nan,nan,54
7484,100,90,nan,nan,54
7484,100,438,nan,nan,54
7484,100,318,nan,nan,54
7484,105,258,nan,nan,54
7484,105,480,nan,nan,54
7484,105,157,nan,nan,54
7484,105,614,nan,nan,54
7484,110,230,nan,nan,54
7484,110,629,nan,nan,54
7484,110,116,nan,nan,54
7484,110,587,nan,nan,54
7484,110,174,nan,nan,54
7484,110,461,nan,nan,54
7484,110,234,nan,nan,54
7484,118,529,nan,nan,54
7484,118,546,nan,nan,54
7484,118,483,nan,nan,54
7484,118,688,nan,nan,54
7484,118,404,nan,nan,54
7484,118,519,nan,nan,54
7484,118,582,nan,nan,54
7484,135,362,nan,nan,54
7485,5,314,nan,nan,7
7485,5,695,nan,nan,7
7485,5,579,nan,nan,7
7485,5,601,nan,nan,7
7485,5,461,nan,nan,7
7485,5,96,nan,nan,7
7485,7,464,nan,nan,7
7485,7,350,nan,nan,7
7485,7,116,nan,nan,7
7485,7,269,nan,nan,7
7485,7,647,nan,nan,7
7485,9,208,nan,nan,7
7485,9,409,nan,nan,7
7485,9,127,nan,nan,7
7485,10,250,nan,nan,7
7485,10,343,nan,nan,7
7485,10,499,nan,nan,7
7485,10,99,nan,nan,7
7485,10,523,nan,nan,7
7485,11,243,nan,nan,7
7485,11,59,nan,nan,7
7485,11,327,nan,nan,7
7485,14,586,nan,nan,7
7485,14,501,nan,nan,7
7485,14,294,nan,nan,7
7485,14,18,nan,nan,7
7485,18,202,nan,nan,7
7485,18,144,nan,nan,7
7485,18,433,nan,nan,7
7485,18,686,nan,nan,7
7485,18,245,nan,nan,7
7485,20,92,nan,nan,7
7485,20,471,nan,nan,7
7485,20,656,nan,nan,7
7485,20,575,nan,nan,7
7485,23,465,nan,nan,7
7485,23,613,nan,nan,7
7485,23,96,nan,nan,7
7485,23,16,nan,nan,7
7485,23,370,nan,nan,7
7485,23,696,nan,nan,7
7485,23,58,nan,nan,7
7485,26,339,nan,nan,7
7485,26,512,nan,nan,7
7485,26,197,nan,nan,7
7485,33,658,nan,nan,7
7485,33,339,nan,nan,7
7485,36,664,nan,nan,7
7485,36,290,nan,nan,7
7485,36,137,nan,nan,7
7485,39,647,nan,nan,7
7485,39,529,nan,nan,7
7485,39,500,nan,nan,7
7485,39,280,nan,nan,7
7485,39,661,nan,nan,7
7485,39,229,nan,nan,7
7485,45,21,nan,nan,7
7485,45,259,nan,nan,7
7485,45,119,nan,nan,7
7485,45,564,nan,nan,7
7485,45,295,nan,nan,7
7485,46,320,nan,nan,7
7485,46,25,nan,nan,7
7485,46,301,nan,nan,7
7485,46,267,nan,nan,7
7485,54,309,nan,nan,7
7485,54,164,nan,nan,7
7485,54,523,nan,nan,7
7485,54,72,nan,nan,7
7485,54,254,nan,nan,7
7485,54,601,nan,nan,7
7485,54,63,nan,nan,7
7485,55,14,nan,nan,7
7485,55,215,nan,nan,7
7485,55,284,nan,nan,7
7485,55,336,nan,nan,7
7485,55,30,nan,nan,7
7485,55,63,nan,nan,7
7485,56,229,nan,nan,7
7485,56,416,nan,nan,7
7485,61,418,nan,nan,7
7485,61,697,nan,nan,7
7485,63,640,nan,nan,7
7485,69,452,nan,nan,7
7485,69,660,nan,nan,7
7485,69,572,nan,nan,7
7485,69,424,2,0.1,7
7485,77,76,nan,nan,7
7485,77,165,nan,nan,7
7485,77,428,nan,nan,7
7485,81,13,nan,nan,7
7485,81,200,nan,nan,7
7485,81,618,nan,nan,7
7485,81,182,nan,nan,7
7485,81,235,nan,nan,7
7485,87,311,nan,nan,7
7485,87,371,nan,nan,7
7485,87,95,nan,nan,7
7485,88,451,nan,nan,7
7485,88,116,nan,nan,7
7485,88,556,nan,nan,7
7485,88,20,nan,nan,7
7485,88,352,nan,nan,7
7485,88,84,nan,nan,7
7485,88,367,nan,nan,7
7485,89,304,nan,nan,7
7485,89,143,nan,nan,7
7485,89,620,nan,nan,7
7485,95,556,nan,nan,7
7485,95,595,nan,nan,7
7485,95,610,nan,nan,7
7485,97,434,nan,nan,7
7485,97,644,nan,nan,7
7485,98,60,nan,nan,7
7485,98,636,nan,nan,7
7485,98,364,nan,nan,7
7485,98,446,nan,nan,7
7485,98,459,nan,nan,7
7485,98,527,nan,nan,7
7485,98,683,nan,nan,7
7485,100,84,nan,nan,7
7485,100,644,nan,nan,7
7485,100,105,nan,nan,7
7485,100,692,nan,nan,7
7485,103,371,nan,nan,7
7485,103,606,nan,nan,7
7485,103,185,nan,nan,7
7485,103,373,nan,nan,7
7485,103,593,nan,nan,7
7485,109,127,nan,nan,7
7485,109,682,nan,nan,7
7485,109,192,nan,nan,7
7485,109,566,nan,nan,7
7485,109,582,nan,nan,7
7485,109,160,nan,nan,7
7485,113,509,nan,nan,7
7485,113,27,nan,nan,7
7485,114,258,nan,nan,7
7485,114,11,nan,nan,7
7485,114,499,nan,nan,7
7485,114,530,nan,nan,7
7485,114,8,nan,nan,7
7485,114,134,nan,nan,7
7485,115,28,nan,nan,7
7485,115,545,nan,nan,7
7485,115,28,nan,nan,7
7485,115,281,nan,nan,7
7485,115,598,nan,nan,7
7485,115,612,nan,nan,7
7485,115,587,nan,nan,7
7485,115,519,nan,nan,7
7485,120,83,nan,nan,7
7485,120,139,nan,nan,7
7485,120,297,nan,nan,7
7485,120,654,nan,nan,7
7485,121,176,nan,nan,7
7485,121,350,nan,nan,7
7485,121,424,nan,nan,7
7485,121,285,nan,nan,7
7485,121,304,nan,nan,7
7485,121,591,nan,nan,7
7485,121,525,nan,nan,7
7485,123,466,nan,nan,7
7485,123,185,nan,nan,7
7485,123,133,nan,nan,7
7485,125,182,nan,nan,7
7485,125,271,nan,nan,7
7485,125,132,nan,nan,7
7485,125,635,nan,nan,7
7485,125,389,nan,nan,7
7485,127,285,nan,nan,7
7485,127,331,nan,nan,7
7485,127,237,nan,nan,7
7485,127,332,nan,nan,7
7485,131,457,nan,nan,7
7485,131,560,nan,nan,7
7485,131,225,nan,nan,7
7485,131,577,nan,nan,7
7485,131,419,nan,nan,7
7485,131,66,nan,nan,7
7485,131,58,nan,nan,7
7485,132,47,nan,nan,7
7485,132,560,nan,nan,7
7485,132,20,nan,nan,7
7485,139,51,nan,nan,7
7485,139,415,nan,nan,7
7485,139,579,nan,nan,7
7485,139,589,nan,nan,7
7485,139,681,nan,nan,7
7485,139,202,nan,nan,7
7485,139,147,nan,nan,7
7485,140,6,nan,nan,7
7485,140,526,nan,nan,7
7485,140,641,nan,nan,7
7485,140,678,nan,nan,7
7485,140,20,nan,nan,7
7485,142,181,nan,nan,7
7485,142,603,nan,nan,7
7485,142,488,nan,nan,7
7485,142,314,nan,nan,7
7485,147,120,nan,nan,7
7485,147,630,nan,nan,7
7485,151,181,nan,nan,7
7485,151,141,nan,nan,7
7485,151,340,nan,nan,7
7485,151,586,nan,nan,7
7485,151,94,nan,nan,7
7485,151,344,nan,nan,7
7485,153,63,nan,nan,7
7485,153,17,nan,nan,7
7485,153,63,nan,nan,7
7485,153,481,nan,nan,7
7485,153,552,nan,nan,7
7485,153,557,nan,nan,7
7485,153,390,nan,nan,7
7485,153,528,nan,nan,7
7485,154,512,nan,nan,7
7485,154,680,nan,nan,7
7485,154,244,nan,nan,7
7485,154,113,nan,nan,7
7486,0,36,nan,nan,28
7486,0,253,nan,nan,28
7486,1,666,nan,nan,28
7486,1,250,nan,nan,28
7486,1,209,nan,nan,28
7486,1,370,nan,nan,28
7486,1,71,nan,nan,28
7486,1,594,nan,nan,28
7486,1,371,nan,nan,28
7486,1,36,nan,nan,28
7486,1,62,nan,nan,28
7486,3,461,nan,nan,28
7486,3,643,nan,nan,28
7486,3,694,nan,nan,28
7486,3,10,nan,nan,28
7486,3,72,nan,nan,28
7486,3,414,nan,nan,28
7486,3,232,nan,nan,28
7486,3,114,nan,nan,28
7486,3,336,nan,nan,28
7486,4,328,nan,nan,28
7486,12,176,nan,nan,28
7486,12,380,nan,nan,28
7486,12,208,nan,nan,28
7486,12,403,nan,nan,28
7486,12,126,nan,nan,28
7486,12,222,nan,nan,28
7486,13,108,nan,nan,28
7486,13,201,nan,nan,28
7486,13,592,nan,nan,28
7486,13,206,nan,nan,28
7486,14,597,nan,nan,28
7486,14,122,nan,nan,28
7486,14,176,nan,nan,28
7486,14,292,nan,nan,28
7486,14,469,nan,nan,28
7486,14,128,nan,nan,28
7486,17,107,nan,nan,28
7486,17,91,nan,nan,28
7486,17,350,nan,nan,28
7486,17,454,nan,nan,28
7486,17,389,nan,nan,28
7486,17,496,nan,nan,28
7486,17,608,nan,nan,28
7486,18,163,nan,nan,28
7486,18,199,nan,nan,28
7486,20,119,nan,nan,28
7486,20,534,nan,nan,28
7486,20,199,nan,nan,28
7486,20,418,nan,nan,28
7486,20,278,nan,nan,28
7486,22,606,nan,nan,28
7486,22,79,nan,nan,28
7486,22,514,nan,nan,28
7486,25,410,nan,nan,28
7486,25,111,nan,nan,28
7486,25,559,nan,nan,28
7486,25,339,nan,nan,28
7486,31,546,nan,nan,28
7486,31,156,nan,nan,28
7486,31,36,nan,nan,28
7486,31,373,nan,nan,28
7486,32,290,nan,nan,28
7486,32,349,nan,nan,28
7486,32,114,nan,nan,28
7486,33,571,nan,nan,28
7486,33,164,nan,nan,28
7486,33,109,nan,nan,28
7486,36,346,nan,nan,28
7486,36,636,nan,nan,28
7486,36,674,nan,nan,28
7486,36,667,nan,nan,28
7486,36,626,nan,nan,28
7486,37,658,nan,nan,28
7486,37,316,nan,nan,28
7486,37,157,nan,nan,28
7486,38,415,nan,nan,28
7486,38,634,nan,nan,28
7486,38,488,nan,nan,28
7486,38,636,nan,nan,28
7486,38,353,nan,nan,28
7486,38,363,nan,nan,28
7486,38,531,nan,nan,28
7486,38,500,nan,nan,28
7486,38,636,nan,nan,28
7486,39,461,nan,nan,28
7486,39,99,nan,nan,28
7486,39,637,nan,nan,28
7486,39,578,nan,nan,28
7486,39,510,nan,nan,28
7486,39,194,nan,nan,28
7486,45,130,nan,nan,28
7486,45,355,nan,nan,28
7486,45,266,nan,nan,28
7486,46,445,nan,nan,28
7486,46,235,nan,nan,28
7486,46,91,nan,nan,28
7486,46,248,nan,nan,28
7486,46,128,nan,nan,28
7486,47,196,nan,nan,28
7486,47,644,nan,nan,28
7486,47,642,nan,nan,28
7486,48,209,nan,nan,28
7486,48,194,nan,nan,28
7486,48,333,nan,nan,28
7486,48,509,nan,nan,28
7486,48,295,nan,nan,28
7486,48,423,nan,nan,28
7486,49,509,nan,nan,28
7486,49,340,nan,nan,28
7486,49,178,nan,nan,28
7486,50,353,nan,nan,28
7486,50,157,nan,nan,28
7486,50,644,nan,nan,28
7486,50,294,nan,nan,28
7486,50,4,nan,nan,28
7486,50,294,nan,nan,28
7486,51,194,nan,nan,28
7486,51,242,nan,nan,28
7486,51,558,nan,nan,28
7486,51,174,nan,nan,28
7486,51,232,nan,nan,28
7486,51,63,nan,nan,28
7486,51,457,nan,nan,28
7486,51,646,nan,nan,28
7486,54,72,nan,nan,28
7486,54,394,nan,nan,28
7486,54,220,nan,nan,28
7486,54,480,nan,nan,28
7486,54,89,nan,nan,28
7486,54,682,nan,nan,28
7486,54,25,nan,nan,28
7486,55,152,nan,nan,28
7486,55,336,nan,nan,28
7486,55,168,nan,nan,28
7486,56,393,nan,nan,28
7486,56,678,nan,nan,28
7486,56,201,nan,nan,28
7486,56,429,nan,nan,28
7486,56,431,nan,nan,28
7486,57,209,nan,nan,28
7486,57,623,nan,nan,28
7486,57,137,nan,nan,28
7486,57,163,nan,nan,28
7486,58,234,nan,nan,28
7486,58,133,nan,nan,28
7486,58,435,nan,nan,28
7486,58,215,nan,nan,28
7486,58,685,nan,nan,28
7486,58,399,nan,nan,28
7486,59,590,nan,nan,28
7486,59,225,nan,nan,28
7486,59,1,nan,nan,28
7486,59,628,nan,nan,28
7486,60,28,nan,nan,28
7486,60,424,nan,nan,28
7486,61,408,nan,nan,28
7486,61,649,nan,nan,28
7486,61,349,nan,nan,28
7486,61,416,nan,nan,28
7486,61,387,nan,nan,28
7486,61,18,nan,nan,28
7486,62,569,nan,nan,28
7486,62,399,nan,nan,28
7486,62,291,nan,nan,28
7486,62,636,nan,nan,28
7486,62,18,nan,nan,28
7486,62,580,nan,nan,28
7486,63,504,nan,nan,28
7486,63,244,nan,nan,28
7486,63,141,nan,nan,28
7486,63,282,nan,nan,28
7486,63,12,nan,nan,28
7486,63,514,nan,nan,28
7486,69,562,nan,nan,28
7486,69,234,nan,nan,28
7486,69,541,nan,nan,28
7486,69,389,nan,nan,28
7486,74,9,nan,nan,28
7486,74,97,nan,nan,28
7486,74,231,nan,nan,28
7486,74,640,nan,nan,28
7486,77,584,nan,nan,28
7486,77,425,nan,nan,28
7486,77,294,nan,nan,28
7486,78,197,nan,nan,28
7486,78,551,nan,nan,28
7486,78,40,nan,nan,28
7486,78,327,nan,nan,28
7486,78,158,nan,nan,28
7486,78,81,nan,nan,28
7486,78,445,nan,nan,28
7486,81,119,nan,nan,28
7486,81,248,nan,nan,28
7486,81,186,nan,nan,28
7486,82,424,nan,nan,28
7486,82,296,nan,nan,28
7486,82,98,nan,nan,28
7486,82,303,nan,nan,28
7486,82,268,nan,nan,28
7486,82,291,nan,nan,28
7486,84,373,nan,nan,28
7486,84,43,nan,nan,28
7486,84,136,nan,nan,28
7486,84,274,nan,nan,28
7486,84,635,nan,nan,28
7486,84,417,nan,nan,28
7486,87,644,nan,nan,28
7486,87,6,nan,nan,28
7486,87,678,nan,nan,28
7486,87,472,nan,nan,28
7486,89,698,nan,nan,28
7486,89,382,nan,nan,28
7486,89,647,nan,nan,28
7486,89,198,nan,nan,28
7486,89,153,nan,nan,28
7486,89,636,nan,nan,28
7486,90,577,nan,nan,28
7486,90,408,nan,nan,28
7486,90,229,nan,nan,28
7486,90,462,nan,nan,28
7486,90,107,nan,nan,28
7486,90,209,nan,nan,28
7486,90,185,nan,nan,28
7486,90,325,nan,nan,28
7486,90,603,nan,nan,28
7486,91,640,nan,nan,28
7486,91,240,nan,nan,28
7486,91,493,nan,nan,28
7486,91,499,nan,nan,28
7486,91,392,nan,nan,28
7486,91,363,nan,nan,28
7486,92,526,nan,nan,28
7486,92,693,nan,nan,28
7486,92,99,nan,nan,28
7486,92,214,nan,nan,28
7486,92,551,nan,nan,28
7486,94,26,nan,nan,28
7486,94,561,nan,nan,28
7486,94,569,nan,nan,28
7486,94,647,nan,nan,28
7486,94,410,nan,nan,28
7486,94,287,nan,nan,28
7486,94,211,nan,nan,28
7486,95,161,nan,nan,28
7486,95,555,nan,nan,28
7486,95,287,nan,nan,28
7486,95,101,nan,nan,28
7486,96,105,nan,nan,28
7486,96,59,nan,nan,28
7486,101,512,nan,nan,28
7486,101,258,nan,nan,28
7486,102,644,nan,nan,28
7486,102,295,nan,nan,28
7486,103,328,nan,nan,28
7486,103,442,nan,nan,28
7486,103,333,nan,nan,28
7486,103,115,nan,nan,28
7486,103,673,nan,nan,28
7486,104,438,nan,nan,28
7486,104,209,nan,nan,28
7486,104,536,nan,nan,28
7486,104,524,nan,nan,28
7486,104,369,nan,nan,28
7486,106,222,nan,nan,28
7486,106,35,nan,nan,28
7486,106,582,nan,nan,28
7486,106,480,nan,nan,28
7486,106,338,nan,nan,28
7486,108,336,nan,nan,28
7486,108,310,nan,nan,28
7486,108,475,nan,nan,28
7486,108,31,nan,nan,28
7486,108,440,nan,nan,28
7486,108,614,nan,nan,28
7486,108,461,nan,nan,28
7486,109,656,nan,nan,28
7486,109,31,nan,nan,28
7486,109,160,nan,nan,28
7486,109,315,nan,nan,28
7486,112,587,nan,nan,28
7486,112,388,nan,nan,28
7486,112,634,nan,nan,28
7486,112,272,nan,nan,28
7486,113,60,nan,nan,28
7486,113,306,nan,nan,28
7486,113,592,nan,nan,28
7486,114,224,nan,nan,28
7486,114,10,nan,nan,28
7486,114,400,nan,nan,28
7486,114,479,nan,nan,28
7486,114,76,nan,nan,28
7486,115,226,nan,nan,28
7486,115,490,nan,nan,28
7486,115,428,nan,nan,28
7486,116,634,nan,nan,28
7486,116,229,nan,nan,28
7486,116,282,nan,nan,28
7486,116,5,nan,nan,28
7486,122,324,nan,nan,28
7486,122,697,nan,nan,28
7486,122,429,nan,nan,28
7486,122,329,nan,nan,28
7486,122,107,nan,nan,28
7486,124,649,nan,nan,28
7486,124,433,nan,nan,28
7486,124,106,nan,nan,28
7486,125,161,nan,nan,28
7486,125,393,nan,nan,28
7486,125,76,nan,nan,28
7486,126,307,nan,nan,28
7486,126,308,nan,nan,28
7486,126,285,nan,nan,28
7486,126,519,nan,nan,28
7486,127,97,nan,nan,28
7486,127,697,nan,nan,28
7486,127,465,nan,nan,28
7486,130,165,nan,nan,28
7486,130,420,nan,nan,28
7486,130,457,nan,nan,28
7486,130,687,nan,nan,28
7486,130,344,nan,nan,28
7486,138,103,nan,nan,28
7486,138,517,nan,nan,28
7486,138,527,nan,nan,28
7486,138,325,nan,nan,28
7486,138,349,nan,nan,28
7486,138,603,nan,nan,28
7486,138,524,nan,nan,28
7486,139,248,nan,nan,28
7486,139,690,nan,nan,28
7486,139,118,nan,nan,28
7486,139,603,nan,nan,28
7486,139,524,nan,nan,28
7486,139,180,nan,nan,28
7486,139,603,nan,nan,28
7486,139,0,nan,nan,28
7486,140,153,nan,nan,28
7486,140,51,nan,nan,28
7486,140,307,nan,nan,28
7486,140,267,nan,nan,28
7486,140,338,nan,nan,28
7486,142,214,nan,nan,28
7486,142,621,nan,nan,28
7486,144,680,nan,nan,28
7486,144,229,nan,nan,28
7486,144,14,nan,nan,28
7486,146,470,nan,nan,28
7486,146,112,nan,nan,28
7486,146,662,nan,nan,28
7486,146,310,nan,nan,28
7486,149,556,nan,nan,28
7486,150,174,nan,nan,28
7486,150,220,nan,nan,28
7486,150,675,nan,nan,28
7486,150,279,nan,nan,28
7486,150,555,nan,nan,28
7486,150,342,nan,nan,28
7486,150,217,nan,nan,28
7486,152,556,nan,nan,28
7486,152,79,nan,nan,28
7486,152,622,nan,nan,28
7486,155,698,nan,nan,28
7486,155,637,nan,nan,28
7487,4,372,nan,nan,27
7487,7,682,nan,nan,27
7487,7,110,nan,nan,27
7487,7,42,nan,nan,27
7487,7,380,nan,nan,27
7487,9,97,nan,nan,27
7487,11,307,nan,nan,27
7487,12,45,nan,nan,27
7487,12,589,nan,nan,27
7487,12,67,nan,nan,27
7487,12,275,nan,nan,27
7487,14,56,nan,nan,27
7487,14,207,nan,nan,27
7487,14,490,nan,nan,27
7487,14,79,nan,nan,27
7487,15,100,nan,nan,27
7487,15,531,nan,nan,27
7487,15,422,nan,nan,27
7487,18,124,nan,nan,27
7487,20,378,nan,nan,27
7487,20,232,nan,nan,27
7487,22,636,nan,nan,27
7487,22,138,nan,nan,27
7487,22,416,nan,nan,27
7487,22,44,nan,nan,27
7487,22,9,nan,nan,27
7487,26,667,nan,nan,27
7487,26,517,nan,nan,27
7487,26,383,nan,nan,27
7487,26,161,nan,nan,27
7487,26,237,nan,nan,27
7487,27,588,nan,nan,27
7487,31,567,nan,nan,27
7487,31,272,nan,nan,27
7487,31,41,nan,nan,27
7487,32,655,nan,nan,27
7487,33,322,nan,nan,27
7487,35,590,nan,nan,27
7487,35,229,nan,nan,27
7487,35,153,nan,nan,27
7487,35,522,nan,nan,27
7487,36,641,nan,nan,27
7487,37,524,nan,nan,27
7487,37,75,nan,nan,27
7487,37,641,nan,nan,27
7487,37,284,nan,nan,27
7487,37,347,nan,nan,27
7487,40,647,nan,nan,27
7487,40,522,nan,nan,27
7487,40,31,nan,nan,27
7487,41,232,nan,nan,27
7487,41,66,nan,nan,27
7487,45,528,nan,nan,27
7487,49,365,nan,nan,27
7487,49,294,nan,nan,27
7487,50,45,nan,nan,27
7487,50,294,nan,nan,27
7487,53,93,nan,nan,27
7487,54,467,nan,nan,27
7487,54,335,nan,nan,27
7487,54,260,nan,nan,27
7487,54,575,nan,nan,27
7487,54,356,nan,nan,27
7487,55,114,nan,nan,27
7487,55,166,nan,nan,27
7487,55,540,nan,nan,27
7487,55,497,nan,nan,27
7487,58,62,nan,nan,27
7487,58,405,nan,nan,27
7487,58,324,nan,nan,27
7487,59,293,nan,nan,27
7487,59,156,nan,nan,27
7487,59,484,nan,nan,27
7487,59,659,nan,nan,27
7487,60,256,nan,nan,27
7487,62,154,nan,nan,27
7487,62,315,nan,nan,27
7487,62,130,nan,nan,27
7487,62,649,nan,nan,27
7487,63,649,nan,nan,27
7487,63,400,nan,nan,27
7487,64,350,nan,nan,27
7487,64,404,nan,nan,27
7487,64,293,nan,nan,27
7487,64,376,nan,nan,27
7487,64,206,nan,nan,27
7487,66,562,nan,nan,27
7487,66,469,nan,nan,27
7487,67,688,nan,nan,27
7487,67,116,nan,nan,27
7487,67,276,nan,nan,27
7487,69,180,nan,nan,27
7487,69,128,nan,nan,27
7487,69,431,nan,nan,27
7487,69,358,nan,nan,27
7487,73,258,nan,nan,27
7487,75,585,nan,nan,27
7487,77,331,nan,nan,27
7487,77,551,nan,nan,27
7487,78,649,nan,nan,27
7487,79,457,nan,nan,27
7487,82,448,nan,nan,27
7487,82,249,nan,nan,27
7487,83,107,nan,nan,27
7487,83,374,nan,nan,27
7487,84,218,nan,nan,27
7487,85,598,nan,nan,27
7487,85,681,nan,nan,27
7487,85,404,nan,nan,27
7487,87,109,nan,nan,27
7487,87,503,nan,nan,27
7487,87,603,nan,nan,27
7487,90,577,nan,nan,27
7487,91,634,nan,nan,27
7487,91,452,nan,nan,27
7487,91,287,nan,nan,27
7487,92,584,nan,nan,27
7487,92,99,nan,nan,27
7487,94,562,nan,nan,27
7487,94,175,nan,nan,27
7487,95,94,nan,nan,27
7487,98,28,nan,nan,27
7487,98,631,nan,nan,27
7487,101,28,nan,nan,27
7487,101,524,nan,nan,27
7487,101,502,nan,nan,27
7487,101,425,nan,nan,27
7487,104,235,nan,nan,27
7487,104,399,nan,nan,27
7487,104,381,nan,nan,27
7487,104,451,nan,nan,27
7487,104,589,nan,nan,27
7487,107,660,nan,nan,27
7487,109,293,nan,nan,27
7487,109,629,nan,nan,27
7487,109,488,nan,nan,27
7487,110,657,nan,nan,27
7487,111,624,nan,nan,27
7487,111,614,nan,nan,27
7487,116,665,nan,nan,27
7487,117,53,nan,nan,27
7487,119,526,nan,nan,27
7487,119,285,nan,nan,27
7487,122,542,nan,nan,27
7487,125,405,nan,nan,27
7487,125,584,nan,nan,27
7487,125,54,nan,nan,27
7487,129,390,nan,nan,27
7487,129,309,nan,nan,27
7487,132,3,nan,nan,27
7487,132,417,nan,nan,27
7487,132,369,nan,nan,27
7487,132,179,nan,nan,27
7487,133,527,nan,nan,27
7487,133,193,nan,nan,27
7487,133,529,nan,nan,27
7487,134,423,nan,nan,27
7487,134,678,nan,nan,27
7487,139,678,nan,nan,27
7487,140,148,nan,nan,27
7487,140,64,nan,nan,27
7487,141,428,nan,nan,27
7487,141,56,nan,nan,27
7487,141,603,nan,nan,27
7487,145,145,nan,nan,27
7487,145,410,nan,nan,27
7487,145,521,nan,nan,27
7487,146,555,nan,nan,27
7487,146,644,nan,nan,27
7487,152,74,nan,nan,27
7487,154,469,nan,nan,27
7487,154,395,nan,nan,27
7487,154,156,nan,nan,27
7487,154,644,nan,nan,27
7487,155,254,nan,nan,27
7487,155,273,nan,nan,27
7487,155,644,nan,nan,27
7488,0,240,nan,nan,43
7488,7,614,nan,nan,43
7488,7,501,nan,nan,43
7488,8,101,nan,nan,43
7488,8,587,nan,nan,43
7488,8,374,nan,nan,43
7488,8,461,nan,nan,43
7488,10,210,nan,nan,43
7488,10,72,nan,nan,43
7488,15,142,nan,nan,43
7488,15,430,nan,nan,43
7488,15,103,nan,nan,43
7488,26,301,nan,nan,43
7488,26,600,nan,nan,43
7488,33,350,nan,nan,43
7488,33,695,nan,nan,43
7488,33,576,nan,nan,43
7488,48,210,nan,nan,43
7488,53,483,nan,nan,43
7488,53,629,nan,nan,43
7488,64,298,nan,nan,43
7488,64,523,nan,nan,43
7488,64,161,nan,nan,43
7488,68,206,nan,nan,43
7488,68,252,nan,nan,43
7488,77,602,nan,nan,43
7488,107,498,nan,nan,43
7488,122,305,nan,nan,43
7488,131,111,nan,nan,43
7488,131,148,nan,nan,43
7488,131,86,nan,nan,43
7488,136,235,nan,nan,43
7488,136,500,nan,nan,43
7488,136,571,nan,nan,43
7488,136,248,nan,nan,43
7488,153,133,nan,nan,43
7488,153,122,nan,nan,43
7488,153,677,nan,nan,43
7488,52,121,nan,nan,43
7489,1,92,nan,nan,42
7489,1,25,nan,nan,42
7489,1,240,nan,nan,42
