5229,4,695,nan,nan,74
5229,4,211,nan,nan,74
5229,4,215,nan,nan,74
5229,4,682,nan,nan,74
5229,4,152,nan,nan,74
5229,4,677,nan,nan,74
5229,4,157,nan,nan,74
5229,4,534,nan,nan,74
5229,4,516,nan,nan,74
5229,4,201,nan,nan,74
5229,4,92,nan,nan,74
5229,4,496,nan,nan,74
5229,5,641,nan,nan,74
5229,5,342,nan,nan,74
5229,5,361,nan,nan,74
5229,5,493,nan,nan,74
5229,5,578,nan,nan,74
5229,5,160,nan,nan,74
5229,5,196,nan,nan,74
5229,5,133,nan,nan,74
5229,5,30,nan,nan,74
5229,7,67,nan,nan,74
5229,7,64,nan,nan,74
5229,7,687,nan,nan,74
5229,7,359,nan,nan,74
5229,7,693,nan,nan,74
5229,7,67,nan,nan,74
5229,7,164,nan,nan,74
5229,7,293,nan,nan,74
5229,8,545,nan,nan,74
5229,8,238,nan,nan,74
5229,8,435,nan,nan,74
5229,8,592,nan,nan,74
5229,8,127,nan,nan,74
5229,8,442,nan,nan,74
5229,8,250,nan,nan,74
5229,8,555,nan,nan,74
5229,8,613,nan,nan,74
5229,8,436,nan,nan,74
5229,14,400,nan,nan,74
5229,14,348,nan,nan,74
5229,14,266,nan,nan,74
5229,14,181,nan,nan,74
5229,14,116,nan,nan,74
5229,14,53,nan,nan,74
5229,14,621,nan,nan,74
5229,14,159,nan,nan,74
5229,14,634,nan,nan,74
5229,18,555,nan,nan,74
5229,18,354,nan,nan,74
5229,18,248,nan,nan,74
5229,18,430,nan,nan,74
5229,23,259,nan,nan,74
5229,23,526,nan,nan,74
5229,23,299,nan,nan,74
5229,23,118,nan,nan,74
5229,23,138,nan,nan,74
5229,23,236,nan,nan,74
5229,23,360,nan,nan,74
5229,23,285,nan,nan,74
5229,23,268,nan,nan,74
5229,23,185,nan,nan,74
5229,24,417,nan,nan,74
5229,24,416,nan,nan,74
5229,24,374,nan,nan,74
5229,24,190,nan,nan,74
5229,24,438,nan,nan,74
5229,24,233,nan,nan,74
5229,24,240,nan,nan,74
5229,24,323,nan,nan,74
5229,24,582,nan,nan,74
5229,24,318,nan,nan,74
5229,24,626,nan,nan,74
5229,25,196,nan,nan,74
5229,25,623,nan,nan,74
5229,25,165,nan,nan,74
5229,25,3,nan,nan,74
5229,25,498,nan,nan,74
5229,25,52,nan,nan,74
5229,25,463,nan,nan,74
5229,25,70,nan,nan,74
5229,25,169,nan,nan,74
5229,25,585,nan,nan,74
5229,25,165,nan,nan,74
5229,25,463,nan,nan,74
5229,26,168,nan,nan,74
5229,26,299,nan,nan,74
5229,26,680,nan,nan,74
5229,26,3,nan,nan,74
5229,26,234,nan,nan,74
5229,26,120,nan,nan,74
5229,26,442,nan,nan,74
5229,26,95,nan,nan,74
5229,26,383,nan,nan,74
5229,26,417,nan,nan,74
5229,26,488,nan,nan,74
5229,26,73,nan,nan,74
5229,26,504,nan,nan,74
5229,26,383,nan,nan,74
5229,27,201,nan,nan,74
5229,27,297,nan,nan,74
5229,27,617,nan,nan,74
5229,27,484,nan,nan,74
5229,27,425,nan,nan,74
5229,27,650,nan,nan,74
5229,27,114,nan,nan,74
5229,27,237,nan,nan,74
5229,27,369,nan,nan,74
5229,27,472,1,0.25,74
5229,27,292,nan,nan,74
5229,27,241,nan,nan,74
5229,27,144,nan,nan,74
5229,28,139,nan,nan,74
5229,28,682,nan,nan,74
5229,28,64,nan,nan,74
5229,28,303,nan,nan,74
5229,28,75,nan,nan,74
5229,29,57,nan,nan,74
5229,29,286,nan,nan,74
5229,29,52,nan,nan,74
5229,29,123,nan,nan,74
5229,29,99,nan,nan,74
5229,29,679,nan,nan,74
5229,29,570,nan,nan,74
5229,29,7,nan,nan,74
5229,29,509,nan,nan,74
5229,29,611,nan,nan,74
5229,29,3,nan,nan,74
5229,29,264,nan,nan,74
5229,30,64,nan,nan,74
5229,30,681,nan,nan,74
5229,30,327,nan,nan,74
5229,30,458,nan,nan,74
5229,30,589,nan,nan,74
5229,30,155,nan,nan,74
5229,30,89,nan,nan,74
5229,30,389,nan,nan,74
5229,30,219,nan,nan,74
5229,30,663,nan,nan,74
5229,30,653,nan,nan,74
5229,30,123,nan,nan,74
5229,30,371,nan,nan,74
5229,32,547,nan,nan,74
5229,32,312,nan,nan,74
5229,32,17,nan,nan,74
5229,32,625,nan,nan,74
5229,32,650,nan,nan,74
5229,32,433,nan,nan,74
5229,32,34,nan,nan,74
5229,32,404,nan,nan,74
5229,32,91,nan,nan,74
5229,33,621,nan,nan,74
5229,33,44,nan,nan,74
5229,33,383,nan,nan,74
5229,33,305,nan,nan,74
5229,37,552,nan,nan,74
5229,37,69,nan,nan,74
5229,37,231,nan,nan,74
5229,37,488,nan,nan,74
5229,37,589,nan,nan,74
5229,37,499,nan,nan,74
5229,37,22,nan,nan,74
5229,37,304,nan,nan,74
5229,37,365,nan,nan,74
5229,38,287,nan,nan,74
5229,38,107,nan,nan,74
5229,38,208,nan,nan,74
5229,38,59,nan,nan,74
5229,38,636,nan,nan,74
5229,38,478,nan,nan,74
5229,38,600,nan,nan,74
5229,38,640,nan,nan,74
5229,38,406,nan,nan,74
5229,38,240,nan,nan,74
5229,38,667,nan,nan,74
5229,38,678,nan,nan,74
5229,38,375,nan,nan,74
5229,40,408,nan,nan,74
5229,40,144,1,0.25,74
5229,40,687,nan,nan,74
5229,40,235,nan,nan,74
5229,40,154,nan,nan,74
5229,40,9,2,0.1,74
5229,40,177,nan,nan,74
5229,40,521,nan,nan,74
5229,40,287,2,0.1,74
5229,40,603,nan,nan,74
5229,40,154,nan,nan,74
5229,40,372,nan,nan,74
5229,40,141,nan,nan,74
5229,40,654,nan,nan,74
5229,40,368,nan,nan,74
5229,40,523,nan,nan,74
5229,40,365,nan,nan,74
5229,40,107,nan,nan,74
5229,40,38,nan,nan,74
5229,40,353,nan,nan,74
5229,42,99,nan,nan,74
5229,42,491,nan,nan,74
5229,42,229,nan,nan,74
5229,42,105,nan,nan,74
5229,42,555,nan,nan,74
5229,42,427,nan,nan,74
5229,42,414,nan,nan,74
5229,42,410,nan,nan,74
5229,43,348,nan,nan,74
5229,43,345,nan,nan,74
5229,43,355,nan,nan,74
5229,43,665,nan,nan,74
5229,43,341,nan,nan,74
5229,43,217,nan,nan,74
5229,43,627,nan,nan,74
5229,43,544,nan,nan,74
5229,45,521,nan,nan,74
5229,45,618,nan,nan,74
5229,45,415,nan,nan,74
5229,45,95,nan,nan,74
5229,45,471,nan,nan,74
5229,45,578,nan,nan,74
5229,45,552,nan,nan,74
5229,51,358,nan,nan,74
5229,51,275,nan,nan,74
5229,51,407,nan,nan,74
5229,51,59,nan,nan,74
5229,51,550,nan,nan,74
5229,51,371,nan,nan,74
5229,51,157,nan,nan,74
5229,51,453,nan,nan,74
5229,51,644,nan,nan,74
5229,51,500,nan,nan,74
5229,51,329,nan,nan,74
5229,51,354,nan,nan,74
5229,51,102,3,0.25,74
5229,53,282,nan,nan,74
5229,53,312,nan,nan,74
5229,53,196,nan,nan,74
5229,53,25,nan,nan,74
5229,53,225,nan,nan,74
5229,53,543,nan,nan,74
5229,53,522,nan,nan,74
5229,53,342,nan,nan,74
5229,53,467,nan,nan,74
5229,55,130,nan,nan,74
5229,55,173,nan,nan,74
5229,55,265,nan,nan,74
5229,55,506,nan,nan,74
5229,55,284,nan,nan,74
5229,55,72,nan,nan,74
5229,55,114,nan,nan,74
5229,55,30,4,0.13,74
5229,55,315,nan,nan,74
5229,55,234,nan,nan,74
5229,55,437,nan,nan,74
5229,55,147,nan,nan,74
5229,59,623,nan,nan,74
5229,59,4,nan,nan,74
5229,59,92,nan,nan,74
5229,59,519,nan,nan,74
5229,59,30,nan,nan,74
5229,59,309,nan,nan,74
5229,59,669,nan,nan,74
5229,59,4,nan,nan,74
5229,59,201,nan,nan,74
5229,59,28,nan,nan,74
5229,60,208,nan,nan,74
5229,60,208,nan,nan,74
5229,60,276,nan,nan,74
5229,60,187,nan,nan,74
5229,60,67,nan,nan,74
5229,60,444,nan,nan,74
5229,60,194,nan,nan,74
5229,60,331,nan,nan,74
5229,60,614,nan,nan,74
5229,60,579,nan,nan,74
5229,60,379,nan,nan,74
5229,60,518,nan,nan,74
5229,60,396,nan,nan,74
5229,60,127,nan,nan,74
5229,60,488,nan,nan,74
5229,60,496,nan,nan,74
5229,60,306,nan,nan,74
5229,60,243,nan,nan,74
5229,60,343,nan,nan,74
5229,62,413,nan,nan,74
5229,62,587,nan,nan,74
5229,62,533,nan,nan,74
5229,62,71,nan,nan,74
5229,62,485,nan,nan,74
5229,62,405,nan,nan,74
5229,62,413,nan,nan,74
5229,62,367,nan,nan,74
5229,64,529,nan,nan,74
5229,64,126,nan,nan,74
5229,64,337,nan,nan,74
5229,64,42,nan,nan,74
5229,64,300,nan,nan,74
5229,64,543,nan,nan,74
5229,64,527,nan,nan,74
5229,64,400,nan,nan,74
5229,64,636,nan,nan,74
5229,64,8,nan,nan,74
5229,64,206,nan,nan,74
5229,64,531,nan,nan,74
5229,64,64,nan,nan,74
5229,65,116,nan,nan,74
5229,65,649,nan,nan,74
5229,65,546,nan,nan,74
5229,65,115,nan,nan,74
5229,65,176,nan,nan,74
5229,65,551,nan,nan,74
5229,65,684,nan,nan,74
5229,65,502,nan,nan,74
5229,65,546,nan,nan,74
5229,65,152,nan,nan,74
5229,65,447,nan,nan,74
5229,65,18,nan,nan,74
5229,65,526,nan,nan,74
5229,65,270,nan,nan,74
5229,65,667,nan,nan,74
5229,65,410,nan,nan,74
5229,65,476,nan,nan,74
5229,65,526,nan,nan,74
5229,65,268,nan,nan,74
5229,66,138,nan,nan,74
5229,66,407,nan,nan,74
5229,66,45,nan,nan,74
5229,66,531,nan,nan,74
5229,66,546,nan,nan,74
5229,66,616,nan,nan,74
5229,66,307,nan,nan,74
5229,66,216,nan,nan,74
5229,66,562,nan,nan,74
5229,66,405,nan,nan,74
5229,67,106,nan,nan,74
5229,67,502,nan,nan,74
5229,67,116,nan,nan,74
5229,67,5,nan,nan,74
5229,67,176,nan,nan,74
5229,67,526,nan,nan,74
5229,67,526,nan,nan,74
5229,67,17,nan,nan,74
5229,67,42,nan,nan,74
5229,67,73,nan,nan,74
5229,67,403,nan,nan,74
5229,67,266,nan,nan,74
5229,67,504,nan,nan,74
5229,67,279,nan,nan,74
5229,67,565,nan,nan,74
5229,67,629,nan,nan,74
5229,67,562,nan,nan,74
5229,67,476,nan,nan,74
5229,68,542,nan,nan,74
5229,68,42,nan,nan,74
5229,68,612,nan,nan,74
5229,68,483,nan,nan,74
5229,68,285,nan,nan,74
5229,68,531,nan,nan,74
5229,68,73,nan,nan,74
5229,68,145,nan,nan,74
5229,68,636,nan,nan,74
5229,68,235,nan,nan,74
5229,68,581,nan,nan,74
5229,68,387,nan,nan,74
5229,69,46,nan,nan,74
5229,69,126,nan,nan,74
5229,69,493,nan,nan,74
5229,69,272,nan,nan,74
5229,69,83,nan,nan,74
5229,69,299,nan,nan,74
5229,69,387,nan,nan,74
5229,69,698,nan,nan,74
5229,69,1,nan,nan,74
5229,69,541,nan,nan,74
5229,69,285,nan,nan,74
5229,69,584,nan,nan,74
5229,69,317,nan,nan,74
5229,69,690,nan,nan,74
5229,73,656,nan,nan,74
5229,73,389,nan,nan,74
5229,73,697,nan,nan,74
5229,73,33,nan,nan,74
5229,73,396,nan,nan,74
5229,73,579,nan,nan,74
5229,73,115,nan,nan,74
5229,73,429,nan,nan,74
5229,73,9,nan,nan,74
5229,73,377,nan,nan,74
5229,73,504,nan,nan,74
5229,74,653,nan,nan,74
5229,74,221,nan,nan,74
5229,74,490,nan,nan,74
5229,74,656,nan,nan,74
5229,74,577,nan,nan,74
5229,74,321,nan,nan,74
5229,74,578,nan,nan,74
5229,74,432,nan,nan,74
5229,74,97,nan,nan,74
5229,74,101,nan,nan,74
5229,74,127,nan,nan,74
5229,74,656,nan,nan,74
5229,74,155,nan,nan,74
5229,74,45,nan,nan,74
5229,74,691,nan,nan,74
5229,75,377,nan,nan,74
5229,75,318,nan,nan,74
5229,75,199,nan,nan,74
5229,75,23,nan,nan,74
5229,75,293,nan,nan,74
5229,75,70,nan,nan,74
5229,75,449,nan,nan,74
5229,75,477,nan,nan,74
5229,75,12,nan,nan,74
5229,75,637,nan,nan,74
5229,75,598,nan,nan,74
5229,75,43,nan,nan,74
5229,75,527,nan,nan,74
5229,75,429,nan,nan,74
5229,75,471,nan,nan,74
5229,75,584,nan,nan,74
5229,75,188,nan,nan,74
5229,75,24,nan,nan,74
5229,78,615,nan,nan,74
5229,78,301,nan,nan,74
5229,78,79,nan,nan,74
5229,78,430,nan,nan,74
5229,78,374,nan,nan,74
5229,78,421,nan,nan,74
5229,78,331,nan,nan,74
5229,78,516,nan,nan,74
5229,78,3,nan,nan,74
5229,78,70,nan,nan,74
5229,78,194,nan,nan,74
5229,78,99,nan,nan,74
5229,78,331,nan,nan,74
5229,78,439,nan,nan,74
5229,79,315,nan,nan,74
5229,79,241,nan,nan,74
5229,79,231,nan,nan,74
5229,79,131,nan,nan,74
5229,79,55,nan,nan,74
5229,79,693,nan,nan,74
5229,79,565,nan,nan,74
5229,79,220,nan,nan,74
5229,79,442,nan,nan,74
5229,79,560,nan,nan,74
5229,79,123,nan,nan,74
5229,79,15,nan,nan,74
5229,79,241,nan,nan,74
5229,79,58,nan,nan,74
5229,79,388,nan,nan,74
5229,80,442,nan,nan,74
5229,80,90,nan,nan,74
5229,80,614,nan,nan,74
5229,80,417,nan,nan,74
5229,80,299,nan,nan,74
5229,80,142,nan,nan,74
5229,82,208,nan,nan,74
5229,82,678,nan,nan,74
5229,82,472,nan,nan,74
5229,82,407,nan,nan,74
5229,82,557,nan,nan,74
5229,82,20,nan,nan,74
5229,82,650,nan,nan,74
5229,82,175,nan,nan,74
5229,82,566,nan,nan,74
5229,82,529,nan,nan,74
5229,82,535,nan,nan,74
5229,82,443,nan,nan,74
5229,82,302,nan,nan,74
5229,82,443,nan,nan,74
5229,82,449,nan,nan,74
5229,82,303,nan,nan,74
5229,86,631,nan,nan,74
5229,86,589,nan,nan,74
5229,86,611,nan,nan,74
5229,86,454,nan,nan,74
5229,86,524,nan,nan,74
5229,86,198,nan,nan,74
5229,86,290,nan,nan,74
5229,86,163,nan,nan,74
5229,86,418,nan,nan,74
5229,86,81,nan,nan,74
5229,86,556,nan,nan,74
5229,86,393,nan,nan,74
5229,86,311,nan,nan,74
5229,86,472,nan,nan,74
5229,86,393,nan,nan,74
5229,86,428,nan,nan,74
5229,86,222,nan,nan,74
5229,87,595,nan,nan,74
5229,87,650,nan,nan,74
5229,87,223,nan,nan,74
5229,87,213,nan,nan,74
5229,87,552,nan,nan,74
5229,87,126,nan,nan,74
5229,87,414,nan,nan,74
5229,87,392,nan,nan,74
5229,87,282,nan,nan,74
5229,87,655,nan,nan,74
5229,87,219,nan,nan,74
5229,87,101,nan,nan,74
5229,87,64,nan,nan,74
5229,87,531,nan,nan,74
5229,88,311,nan,nan,74
5229,88,285,nan,nan,74
5229,88,393,nan,nan,74
5229,88,223,nan,nan,74
5229,88,386,nan,nan,74
5229,88,163,nan,nan,74
5229,88,121,nan,nan,74
5229,88,568,nan,nan,74
5229,88,146,nan,nan,74
5229,88,683,nan,nan,74
5229,88,503,nan,nan,74
5229,88,691,nan,nan,74
5229,88,486,nan,nan,74
5229,88,571,nan,nan,74
5229,88,367,nan,nan,74
5229,88,267,nan,nan,74
5229,88,584,nan,nan,74
5229,90,356,nan,nan,74
5229,90,214,nan,nan,74
5229,90,463,nan,nan,74
5229,90,100,nan,nan,74
5229,90,223,nan,nan,74
5229,90,80,nan,nan,74
5229,90,576,nan,nan,74
5229,90,457,nan,nan,74
5229,90,496,nan,nan,74
5229,90,438,nan,nan,74
5229,90,300,nan,nan,74
5229,90,532,nan,nan,74
5229,90,442,nan,nan,74
5229,90,581,nan,nan,74
5229,90,557,nan,nan,74
5229,93,249,nan,nan,74
5229,93,555,nan,nan,74
5229,93,347,nan,nan,74
5229,93,3,nan,nan,74
5229,93,185,nan,nan,74
5229,93,228,nan,nan,74
5229,93,174,nan,nan,74
5229,93,353,nan,nan,74
5229,93,252,nan,nan,74
5229,94,125,nan,nan,74
5229,94,124,nan,nan,74
5229,94,296,nan,nan,74
5229,94,530,nan,nan,74
5229,94,458,nan,nan,74
5229,94,622,nan,nan,74
5229,94,261,nan,nan,74
5229,94,142,nan,nan,74
5229,94,26,nan,nan,74
5229,95,308,nan,nan,74
5229,95,33,nan,nan,74
5229,95,637,nan,nan,74
5229,95,345,nan,nan,74
5229,95,26,nan,nan,74
5229,95,342,nan,nan,74
5229,95,47,nan,nan,74
5229,95,17,nan,nan,74
5229,95,353,nan,nan,74
5229,95,167,nan,nan,74
5229,95,17,nan,nan,74
5229,95,532,nan,nan,74
5229,95,609,nan,nan,74
5229,95,8,nan,nan,74
5229,97,667,nan,nan,74
5229,97,566,nan,nan,74
5229,97,265,nan,nan,74
5229,97,490,nan,nan,74
5229,97,202,nan,nan,74
5229,97,602,nan,nan,74
5229,97,259,nan,nan,74
5229,97,217,nan,nan,74
5229,97,217,nan,nan,74
5229,97,69,nan,nan,74
5229,100,290,nan,nan,74
5229,100,528,nan,nan,74
5229,100,603,nan,nan,74
5229,100,146,nan,nan,74
5229,100,178,nan,nan,74
5229,100,295,nan,nan,74
5229,100,552,nan,nan,74
5229,100,617,nan,nan,74
5229,100,125,nan,nan,74
5229,100,122,nan,nan,74
5229,100,695,nan,nan,74
5229,100,219,nan,nan,74
5229,100,308,nan,nan,74
5229,100,371,nan,nan,74
5229,101,64,nan,nan,74
5229,101,61,nan,nan,74
5229,101,588,nan,nan,74
5229,101,113,nan,nan,74
5229,101,202,nan,nan,74
5229,101,191,nan,nan,74
5229,101,123,nan,nan,74
5229,101,356,nan,nan,74
5229,101,94,nan,nan,74
5229,101,194,nan,nan,74
5229,101,180,nan,nan,74
5229,101,670,nan,nan,74
5229,101,301,nan,nan,74
5229,101,209,nan,nan,74
5229,101,56,nan,nan,74
5229,101,393,nan,nan,74
5229,101,212,nan,nan,74
5229,101,9,nan,nan,74
5229,102,265,nan,nan,74
5229,102,348,nan,nan,74
5229,102,292,nan,nan,74
5229,102,149,nan,nan,74
5229,102,146,nan,nan,74
5229,102,315,nan,nan,74
5229,102,210,nan,nan,74
5229,102,235,nan,nan,74
5229,102,575,nan,nan,74
5229,102,451,nan,nan,74
5229,102,528,nan,nan,74
5229,102,542,nan,nan,74
5229,103,468,nan,nan,74
5229,103,636,nan,nan,74
5229,103,294,nan,nan,74
5229,103,651,nan,nan,74
5229,103,210,nan,nan,74
5229,103,416,nan,nan,74
5229,103,209,nan,nan,74
5229,103,464,nan,nan,74
5229,103,343,nan,nan,74
5229,103,97,nan,nan,74
5229,103,351,nan,nan,74
5229,103,550,nan,nan,74
5229,103,557,nan,nan,74
5229,103,380,nan,nan,74
5229,104,301,nan,nan,74
5229,104,677,2,0.1,74
5229,104,453,nan,nan,74
5229,104,183,nan,nan,74
5229,104,183,nan,nan,74
5229,104,66,nan,nan,74
5229,104,27,nan,nan,74
5229,104,398,nan,nan,74
5229,104,340,nan,nan,74
5229,104,258,nan,nan,74
5229,105,338,nan,nan,74
5229,105,461,nan,nan,74
5229,105,220,nan,nan,74
5229,105,648,nan,nan,74
5229,105,9,nan,nan,74
5229,105,604,nan,nan,74
5229,105,568,nan,nan,74
5229,105,36,nan,nan,74
5229,105,10,nan,nan,74
5229,105,480,nan,nan,74
5229,105,467,nan,nan,74
5229,107,410,nan,nan,74
5229,107,623,nan,nan,74
5229,107,229,nan,nan,74
5229,107,488,nan,nan,74
5229,107,487,nan,nan,74
5229,107,388,nan,nan,74
5229,107,221,nan,nan,74
5229,107,119,nan,nan,74
5229,107,331,nan,nan,74
5229,107,179,nan,nan,74
5229,107,93,nan,nan,74
5229,107,145,nan,nan,74
5229,107,93,nan,nan,74
5229,109,621,nan,nan,74
5229,109,201,nan,nan,74
5229,109,190,nan,nan,74
5229,109,207,nan,nan,74
5229,109,601,nan,nan,74
5229,109,261,nan,nan,74
5229,112,179,nan,nan,74
5229,112,388,nan,nan,74
5229,112,9,nan,nan,74
5229,112,549,nan,nan,74
5229,112,160,nan,nan,74
5229,112,15,nan,nan,74
5229,112,201,nan,nan,74
5229,112,643,nan,nan,74
5229,112,158,nan,nan,74
5229,112,67,nan,nan,74
5229,115,529,nan,nan,74
5229,115,378,nan,nan,74
5229,115,365,nan,nan,74
5229,115,432,nan,nan,74
5229,115,332,nan,nan,74
5229,115,675,nan,nan,74
5229,115,418,nan,nan,74
5229,115,367,nan,nan,74
5229,115,587,nan,nan,74
5229,115,333,nan,nan,74
5229,115,117,nan,nan,74
5229,115,226,nan,nan,74
5229,115,143,nan,nan,74
5229,116,592,nan,nan,74
5229,116,5,nan,nan,74
5229,116,362,nan,nan,74
5229,116,490,nan,nan,74
5229,116,507,nan,nan,74
5229,116,193,nan,nan,74
5229,116,483,nan,nan,74
5229,116,256,nan,nan,74
5229,116,489,nan,nan,74
5229,116,677,nan,nan,74
5229,116,526,nan,nan,74
5229,116,673,nan,nan,74
5229,116,469,nan,nan,74
5229,116,60,nan,nan,74
5229,116,350,nan,nan,74
5229,116,337,nan,nan,74
5229,116,525,nan,nan,74
5229,116,447,nan,nan,74
5229,116,648,nan,nan,74
5229,116,639,nan,nan,74
5229,117,562,nan,nan,74
5229,117,447,nan,nan,74
5229,117,531,nan,nan,74
5229,117,543,nan,nan,74
5229,117,347,nan,nan,74
5229,117,50,nan,nan,74
5229,117,185,nan,nan,74
5229,117,59,nan,nan,74
5229,117,412,nan,nan,74
5229,117,368,nan,nan,74
5229,117,529,nan,nan,74
5229,118,411,nan,nan,74
5229,118,38,nan,nan,74
5229,118,687,nan,nan,74
5229,118,529,nan,nan,74
5229,118,206,nan,nan,74
5229,118,92,nan,nan,74
5229,118,598,nan,nan,74
5229,118,542,nan,nan,74
5229,118,45,nan,nan,74
5229,118,329,nan,nan,74
5229,118,483,nan,nan,74
5229,118,531,nan,nan,74
5229,118,531,nan,nan,74
5229,118,594,nan,nan,74
5229,118,596,nan,nan,74
5229,118,531,nan,nan,74
5229,118,94,nan,nan,74
5229,120,272,nan,nan,74
5229,120,422,nan,nan,74
5229,120,350,nan,nan,74
5229,120,630,nan,nan,74
5229,120,387,nan,nan,74
5229,120,525,nan,nan,74
5229,120,387,nan,nan,74
5229,120,319,nan,nan,74
5229,120,381,nan,nan,74
5229,120,699,nan,nan,74
5229,120,285,nan,nan,74
5229,120,241,nan,nan,74
5229,122,620,nan,nan,74
5229,122,225,nan,nan,74
5229,122,541,nan,nan,74
5229,122,104,nan,nan,74
5229,122,319,nan,nan,74
5229,122,412,nan,nan,74
5229,122,62,nan,nan,74
5229,122,220,nan,nan,74
5229,122,472,nan,nan,74
5229,122,199,nan,nan,74
5229,122,360,nan,nan,74
5229,123,329,nan,nan,74
5229,123,106,nan,nan,74
5229,123,97,nan,nan,74
5229,123,389,nan,nan,74
5229,123,553,nan,nan,74
5229,123,686,nan,nan,74
5229,123,106,nan,nan,74
5229,123,9,nan,nan,74
5229,123,464,nan,nan,74
5229,123,697,nan,nan,74
5229,123,75,nan,nan,74
5229,123,621,nan,nan,74
5229,127,16,nan,nan,74
5229,127,200,nan,nan,74
5229,127,597,nan,nan,74
5229,127,451,nan,nan,74
5229,127,248,nan,nan,74
5229,127,265,nan,nan,74
5229,127,327,nan,nan,74
5229,127,436,nan,nan,74
5229,127,314,nan,nan,74
5229,127,257,nan,nan,74
5229,127,457,nan,nan,74
5229,127,165,nan,nan,74
5229,127,186,nan,nan,74
5229,127,307,nan,nan,74
5229,127,588,nan,nan,74
5229,127,76,nan,nan,74
5229,127,233,nan,nan,74
5229,127,606,nan,nan,74
5229,127,463,nan,nan,74
5229,128,96,nan,nan,74
5229,128,79,nan,nan,74
5229,128,161,nan,nan,74
5229,128,416,nan,nan,74
5229,128,424,nan,nan,74
5229,128,543,nan,nan,74
5229,128,186,nan,nan,74
5229,128,374,nan,nan,74
5229,128,592,nan,nan,74
5229,128,506,nan,nan,74
5229,128,612,nan,nan,74
5229,128,593,nan,nan,74
5229,128,160,nan,nan,74
5229,128,417,nan,nan,74
5229,128,331,nan,nan,74
5229,129,619,nan,nan,74
5229,129,37,nan,nan,74
5229,129,5,nan,nan,74
5229,129,656,nan,nan,74
5229,129,579,nan,nan,74
5229,129,156,nan,nan,74
5229,129,518,nan,nan,74
5229,129,697,nan,nan,74
5229,129,58,nan,nan,74
5229,129,174,nan,nan,74
5229,129,364,nan,nan,74
5229,132,657,nan,nan,74
5229,132,268,nan,nan,74
5229,132,527,nan,nan,74
5229,132,230,nan,nan,74
5229,132,560,nan,nan,74
5229,132,331,nan,nan,74
5229,132,31,nan,nan,74
5229,132,420,nan,nan,74
5229,132,449,nan,nan,74
5229,132,285,nan,nan,74
5229,132,155,nan,nan,74
5229,133,327,nan,nan,74
5229,133,374,nan,nan,74
5229,133,568,nan,nan,74
5229,133,371,nan,nan,74
5229,133,343,nan,nan,74
5229,133,613,nan,nan,74
5229,133,329,nan,nan,74
5229,133,273,nan,nan,74
5229,133,59,nan,nan,74
5229,133,65,nan,nan,74
5229,133,165,nan,nan,74
5229,133,102,nan,nan,74
5229,133,693,nan,nan,74
5229,137,84,nan,nan,74
5229,137,428,nan,nan,74
5229,137,423,nan,nan,74
5229,137,185,nan,nan,74
5229,137,423,nan,nan,74
5229,137,454,nan,nan,74
5229,137,650,nan,nan,74
5229,137,315,nan,nan,74
5229,137,432,nan,nan,74
5229,137,509,nan,nan,74
5229,139,351,nan,nan,74
5229,139,556,nan,nan,74
5229,139,503,nan,nan,74
5229,139,213,nan,nan,74
5229,139,451,nan,nan,74
5229,139,249,nan,nan,74
5229,139,641,nan,nan,74
5229,140,589,nan,nan,74
5229,140,304,nan,nan,74
5229,140,174,nan,nan,74
5229,140,397,nan,nan,74
5229,140,619,nan,nan,74
5229,140,226,nan,nan,74
5229,140,651,nan,nan,74
5229,140,35,nan,nan,74
5229,140,35,nan,nan,74
5229,140,48,nan,nan,74
5229,140,350,nan,nan,74
5229,140,543,nan,nan,74
5229,140,257,nan,nan,74
5229,140,458,nan,nan,74
5229,140,624,nan,nan,74
5229,140,24,nan,nan,74
5229,140,437,nan,nan,74
5229,141,173,nan,nan,74
5229,141,213,nan,nan,74
5229,141,571,nan,nan,74
5229,141,135,nan,nan,74
5229,141,154,nan,nan,74
5229,141,444,nan,nan,74
5229,141,552,nan,nan,74
5229,141,16,nan,nan,74
5229,141,514,nan,nan,74
5229,141,691,nan,nan,74
5229,141,36,nan,nan,74
5229,142,153,nan,nan,74
5229,142,9,nan,nan,74
5229,142,124,nan,nan,74
5229,142,214,nan,nan,74
5229,142,181,nan,nan,74
5229,142,287,nan,nan,74
5229,142,91,nan,nan,74
5229,142,202,nan,nan,74
5229,142,15,nan,nan,74
5229,142,132,nan,nan,74
5229,143,637,nan,nan,74
5229,143,135,nan,nan,74
5229,143,151,nan,nan,74
5229,143,105,nan,nan,74
5229,143,603,nan,nan,74
5229,143,414,nan,nan,74
5229,143,287,nan,nan,74
5229,143,3,nan,nan,74
5229,143,637,nan,nan,74
5229,143,404,nan,nan,74
5229,143,355,nan,nan,74
5229,143,362,nan,nan,74
5229,143,516,nan,nan,74
5229,143,101,nan,nan,74
5229,144,296,nan,nan,74
5229,144,591,nan,nan,74
5229,144,129,nan,nan,74
5229,144,347,nan,nan,74
5229,144,113,nan,nan,74
5229,144,594,nan,nan,74
5229,144,415,nan,nan,74
5229,144,154,nan,nan,74
5229,144,168,nan,nan,74
5229,144,209,nan,nan,74
5229,144,141,nan,nan,74
5229,144,16,nan,nan,74
5229,144,662,nan,nan,74
5229,147,555,nan,nan,74
5229,147,222,nan,nan,74
5229,147,41,nan,nan,74
5229,147,576,nan,nan,74
5229,147,297,nan,nan,74
5229,147,23,nan,nan,74
5229,147,522,nan,nan,74
5229,147,217,nan,nan,74
5229,147,488,nan,nan,74
5229,147,94,nan,nan,74
5229,147,416,nan,nan,74
5229,149,196,nan,nan,74
5229,149,644,nan,nan,74
5229,149,120,nan,nan,74
5229,149,296,nan,nan,74
5229,149,87,nan,nan,74
5229,149,176,nan,nan,74
5229,149,228,nan,nan,74
5229,149,692,nan,nan,74
5229,149,34,nan,nan,74
5229,149,437,nan,nan,74
5229,155,12,nan,nan,74
5229,155,677,nan,nan,74
5229,155,599,nan,nan,74
5229,155,323,nan,nan,74
5229,155,333,nan,nan,74
5229,155,254,nan,nan,74
5229,155,472,nan,nan,74
5229,155,14,nan,nan,74
5229,155,345,nan,nan,74
5229,155,471,nan,nan,74
5229,155,359,nan,nan,74
5229,155,210,nan,nan,74
5229,155,468,nan,nan,74
5229,155,251,nan,nan,74
5229,155,248,nan,nan,74
5230,0,558,0,0.5,76
5230,2,686,nan,nan,76
5230,3,360,nan,nan,76
5230,3,606,nan,nan,76
5230,3,629,nan,nan,76
5230,6,589,nan,nan,76
5230,6,286,nan,nan,76
5230,6,264,nan,nan,76
5230,6,420,nan,nan,76
5230,6,20,nan,nan,76
5230,10,345,nan,nan,76
5230,11,432,nan,nan,76
5230,11,332,nan,nan,76
5230,11,82,nan,nan,76
5230,11,175,nan,nan,76
5230,11,545,nan,nan,76
5230,17,51,nan,nan,76
5230,17,251,nan,nan,76
5230,19,215,nan,nan,76
5230,19,461,nan,nan,76
5230,19,640,nan,nan,76
5230,21,584,nan,nan,76
5230,21,264,nan,nan,76
5230,21,228,nan,nan,76
5230,37,641,nan,nan,76
5230,37,329,nan,nan,76
5230,41,455,nan,nan,76
5230,41,533,nan,nan,76
5230,43,634,nan,nan,76
5230,43,113,nan,nan,76
5230,48,66,nan,nan,76
5230,48,254,nan,nan,76
5230,48,356,nan,nan,76
5230,55,278,nan,nan,76
5230,55,201,nan,nan,76
5230,55,221,nan,nan,76
5230,56,118,nan,nan,76
5230,56,547,nan,nan,76
5230,57,391,nan,nan,76
5230,57,309,nan,nan,76
5230,58,686,nan,nan,76
5230,58,629,nan,nan,76
5230,61,47,nan,nan,76
5230,63,671,nan,nan,76
5230,63,529,nan,nan,76
5230,67,83,nan,nan,76
5230,69,699,nan,nan,76
5230,69,49,nan,nan,76
5230,71,412,nan,nan,76
5230,71,698,nan,nan,76
5230,71,474,nan,nan,76
5230,71,568,nan,nan,76
5230,71,328,nan,nan,76
5230,71,176,4,0.34,76
5230,71,258,nan,nan,76
5230,71,625,2,0.1,76
5230,71,451,nan,nan,76
5230,72,418,nan,nan,76
5230,72,224,nan,nan,76
5230,73,417,nan,nan,76
5230,73,78,nan,nan,76
5230,73,668,nan,nan,76
5230,73,249,nan,nan,76
5230,79,296,nan,nan,76
5230,79,110,nan,nan,76
5230,79,170,nan,nan,76
5230,79,58,nan,nan,76
5230,80,131,nan,nan,76
5230,81,442,nan,nan,76
5230,82,678,nan,nan,76
5230,82,358,nan,nan,76
5230,83,241,nan,nan,76
5230,83,517,nan,nan,76
5230,83,362,nan,nan,76
5230,84,48,nan,nan,76
5230,84,163,nan,nan,76
5230,87,223,nan,nan,76
5230,87,304,nan,nan,76
5230,87,49,nan,nan,76
5230,87,571,nan,nan,76
5230,88,49,nan,nan,76
5230,91,558,nan,nan,76
5230,92,188,nan,nan,76
5230,92,110,nan,nan,76
5230,94,207,nan,nan,76
5230,94,120,nan,nan,76
5230,94,151,nan,nan,76
5230,95,682,nan,nan,76
5230,96,60,nan,nan,76
5230,96,627,nan,nan,76
5230,99,543,nan,nan,76
5230,99,647,nan,nan,76
5230,100,544,nan,nan,76
5230,101,329,nan,nan,76
5230,101,303,nan,nan,76
5230,103,210,nan,nan,76
5230,110,167,nan,nan,76
5230,110,234,nan,nan,76
5230,110,684,nan,nan,76
5230,114,479,nan,nan,76
5230,114,246,nan,nan,76
5230,114,556,nan,nan,76
5230,117,526,nan,nan,76
5230,117,531,nan,nan,76
5230,117,594,nan,nan,76
5230,118,118,nan,nan,76
5230,118,490,nan,nan,76
5230,120,389,nan,nan,76
5230,125,640,nan,nan,76
5230,125,619,nan,nan,76
5230,126,79,nan,nan,76
5230,126,251,nan,nan,76
5230,128,96,nan,nan,76
5230,128,400,nan,nan,76
5230,129,25,nan,nan,76
5230,132,20,nan,nan,76
5230,132,482,nan,nan,76
5230,132,137,nan,nan,76
5230,133,92,nan,nan,76
5230,133,428,nan,nan,76
5230,135,443,nan,nan,76
5230,135,144,nan,nan,76
5230,135,589,nan,nan,76
5230,139,24,nan,nan,76
5230,139,658,nan,nan,76
5230,146,552,nan,nan,76
5230,146,94,nan,nan,76
5230,146,220,nan,nan,76
5230,146,322,nan,nan,76
5230,147,142,nan,nan,76
5230,149,322,nan,nan,76
5230,154,28,nan,nan,76
5230,154,561,nan,nan,76
5230,154,333,nan,nan,76
5230,155,561,nan,nan,76
5230,155,333,nan,nan,76
5230,155,62,nan,nan,76
5230,96,296,0,0.5,76
5231,12,51,nan,nan,6
5231,12,490,nan,nan,6
5231,12,508,nan,nan,6
5231,12,127,nan,nan,6
5231,12,238,nan,nan,6
5231,16,192,nan,nan,6
5231,16,192,nan,nan,6
5231,16,509,nan,nan,6
5231,16,397,nan,nan,6
5231,16,559,nan,nan,6
5231,39,142,nan,nan,6
5231,39,168,nan,nan,6
5231,39,76,nan,nan,6
5231,39,653,nan,nan,6
5231,39,154,nan,nan,6
5231,39,553,nan,nan,6
5231,39,467,nan,nan,6
5231,42,355,nan,nan,6
5231,42,422,nan,nan,6
5231,58,191,nan,nan,6
5231,58,587,nan,nan,6
5231,58,215,nan,nan,6
5231,58,615,nan,nan,6
5231,58,533,nan,nan,6
5231,58,441,nan,nan,6
5231,64,22,nan,nan,6
5231,64,114,nan,nan,6
5231,64,224,nan,nan,6
5231,64,490,nan,nan,6
5231,64,176,nan,nan,6
5231,64,413,nan,nan,6
5231,64,50,nan,nan,6
5231,71,313,nan,nan,6
5231,71,695,nan,nan,6
5231,71,547,nan,nan,6
5231,71,636,nan,nan,6
5231,71,313,nan,nan,6
5231,89,493,nan,nan,6
5231,89,297,nan,nan,6
5231,89,43,nan,nan,6
5231,89,560,nan,nan,6
5231,89,386,nan,nan,6
5231,89,541,nan,nan,6
5231,100,119,nan,nan,6
5231,100,582,nan,nan,6
5231,100,445,nan,nan,6
5231,100,474,nan,nan,6
5231,100,244,nan,nan,6
5231,100,272,nan,nan,6
5231,100,191,nan,nan,6
5231,100,47,nan,nan,6
5231,100,94,nan,nan,6
5231,103,177,nan,nan,6
5231,103,59,nan,nan,6
5231,103,10,nan,nan,6
5231,103,544,nan,nan,6
5231,103,238,nan,nan,6
5231,105,174,nan,nan,6
5231,105,388,nan,nan,6
5231,105,234,nan,nan,6
5231,105,240,nan,nan,6
5231,105,378,nan,nan,6
5231,105,302,nan,nan,6
5231,105,321,nan,nan,6
5231,105,93,nan,nan,6
5231,105,48,nan,nan,6
5231,105,86,nan,nan,6
5231,109,293,nan,nan,6
5231,109,445,nan,nan,6
5231,109,311,nan,nan,6
5231,109,127,nan,nan,6
5231,115,18,nan,nan,6
5231,115,582,nan,nan,6
5231,115,316,nan,nan,6
5231,115,547,nan,nan,6
5231,115,645,nan,nan,6
5231,115,649,nan,nan,6
5231,115,494,nan,nan,6
5231,115,81,nan,nan,6
5231,143,554,nan,nan,6
5231,143,287,nan,nan,6
5231,143,214,nan,nan,6
5231,143,636,nan,nan,6
5231,143,154,nan,nan,6
5231,143,381,nan,nan,6
5231,143,682,nan,nan,6
5231,59,70,0,0.5,6
5232,0,410,nan,nan,52
5232,0,680,nan,nan,52
5232,0,315,nan,nan,52
5232,0,382,nan,nan,52
5232,0,374,nan,nan,52
5232,3,573,nan,nan,52
5232,3,472,nan,nan,52
5232,3,597,nan,nan,52
5232,3,265,nan,nan,52
5232,3,554,nan,nan,52
5232,3,107,nan,nan,52
5232,4,337,nan,nan,52
5232,4,215,nan,nan,52
5232,4,73,nan,nan,52
5232,4,682,nan,nan,52
5232,4,215,nan,nan,52
5232,5,278,nan,nan,52
5232,5,127,nan,nan,52
5232,5,456,nan,nan,52
5232,5,385,nan,nan,52
5232,6,648,nan,nan,52
5232,6,686,nan,nan,52
5232,6,446,nan,nan,52
5232,6,157,nan,nan,52
5232,6,151,nan,nan,52
5232,6,399,nan,nan,52
5232,6,11,nan,nan,52
5232,6,145,nan,nan,52
5232,6,544,nan,nan,52
5232,7,127,nan,nan,52
5232,7,629,nan,nan,52
5232,7,506,nan,nan,52
5232,9,268,nan,nan,52
5232,9,281,nan,nan,52
5232,9,170,nan,nan,52
5232,9,475,nan,nan,52
5232,9,67,nan,nan,52
5232,10,542,nan,nan,52
5232,10,670,nan,nan,52
5232,10,281,nan,nan,52
5232,10,501,nan,nan,52
5232,10,627,nan,nan,52
5232,10,79,nan,nan,52
5232,10,76,nan,nan,52
5232,11,175,nan,nan,52
5232,11,650,nan,nan,52
5232,11,455,nan,nan,52
5232,11,587,nan,nan,52
5232,11,479,nan,nan,52
5232,13,18,nan,nan,52
5232,13,531,nan,nan,52
5232,13,389,nan,nan,52
5232,13,16,nan,nan,52
5232,15,545,nan,nan,52
5232,15,481,nan,nan,52
5232,15,347,nan,nan,52
5232,15,106,nan,nan,52
5232,15,606,nan,nan,52
5232,18,283,nan,nan,52
5232,18,184,nan,nan,52
5232,18,128,nan,nan,52
5232,18,686,nan,nan,52
5232,18,416,nan,nan,52
5232,18,246,nan,nan,52
5232,18,348,nan,nan,52
5232,19,584,nan,nan,52
5232,19,64,nan,nan,52
5232,19,664,nan,nan,52
5232,19,380,nan,nan,52
5232,19,433,0,0.5,52
5232,19,265,nan,nan,52
5232,19,283,nan,nan,52
5232,19,300,nan,nan,52
5232,19,196,nan,nan,52
5232,19,126,nan,nan,52
5232,21,331,nan,nan,52
5232,21,664,nan,nan,52
5232,21,9,nan,nan,52
5232,21,669,nan,nan,52
5232,21,371,nan,nan,52
5232,21,9,nan,nan,52
5232,24,331,nan,nan,52
5232,24,388,nan,nan,52
5232,24,335,nan,nan,52
5232,25,385,nan,nan,52
5232,25,16,nan,nan,52
5232,25,426,nan,nan,52
5232,25,108,nan,nan,52
5232,25,57,nan,nan,52
5232,25,268,nan,nan,52
5232,25,316,nan,nan,52
5232,25,507,nan,nan,52
5232,25,471,nan,nan,52
5232,26,331,nan,nan,52
5232,26,299,nan,nan,52
5232,26,406,nan,nan,52
5232,26,105,nan,nan,52
5232,26,230,nan,nan,52
5232,26,417,nan,nan,52
5232,26,341,nan,nan,52
5232,26,627,nan,nan,52
5232,27,107,nan,nan,52
5232,27,532,nan,nan,52
5232,27,588,nan,nan,52
5232,27,0,nan,nan,52
5232,31,472,nan,nan,52
5232,31,477,nan,nan,52
5232,31,22,nan,nan,52
5232,31,663,nan,nan,52
5232,31,20,nan,nan,52
5232,32,623,nan,nan,52
5232,32,12,nan,nan,52
5232,32,509,nan,nan,52
5232,32,105,nan,nan,52
5232,32,643,nan,nan,52
5232,32,48,nan,nan,52
5232,36,49,nan,nan,52
5232,36,311,nan,nan,52
5232,36,638,nan,nan,52
5232,36,234,nan,nan,52
5232,36,205,nan,nan,52
5232,37,513,nan,nan,52
5232,37,453,nan,nan,52
5232,37,641,nan,nan,52
5232,37,636,nan,nan,52
5232,39,174,nan,nan,52
5232,39,605,nan,nan,52
5232,39,120,nan,nan,52
5232,40,493,nan,nan,52
5232,40,191,nan,nan,52
5232,40,493,nan,nan,52
5232,40,505,nan,nan,52
5232,40,537,nan,nan,52
5232,40,590,nan,nan,52
5232,42,493,nan,nan,52
5232,42,119,nan,nan,52
5232,42,597,nan,nan,52
5232,42,133,nan,nan,52
5232,42,302,nan,nan,52
5232,42,627,nan,nan,52
5232,42,567,nan,nan,52
5232,42,518,nan,nan,52
5232,44,634,nan,nan,52
5232,44,353,nan,nan,52
5232,44,684,nan,nan,52
5232,44,217,nan,nan,52
5232,44,217,nan,nan,52
5232,44,345,nan,nan,52
5232,44,514,nan,nan,52
5232,45,563,nan,nan,52
5232,45,690,nan,nan,52
5232,45,460,nan,nan,52
5232,45,174,nan,nan,52
5232,46,179,nan,nan,52
5232,46,256,nan,nan,52
5232,46,118,nan,nan,52
5232,46,274,nan,nan,52
5232,48,206,nan,nan,52
5232,48,196,nan,nan,52
5232,48,556,nan,nan,52
5232,48,628,nan,nan,52
5232,49,307,nan,nan,52
5232,49,144,nan,nan,52
5232,49,16,nan,nan,52
5232,49,300,nan,nan,52
5232,50,274,nan,nan,52
5232,50,294,nan,nan,52
5232,50,698,nan,nan,52
5232,50,669,nan,nan,52
5232,50,103,nan,nan,52
5232,52,537,nan,nan,52
5232,52,14,nan,nan,52
5232,52,680,nan,nan,52
5232,52,103,nan,nan,52
5232,52,369,nan,nan,52
5232,52,38,nan,nan,52
5232,52,313,nan,nan,52
5232,53,273,nan,nan,52
5232,53,90,nan,nan,52
5232,53,542,nan,nan,52
5232,53,107,nan,nan,52
5232,53,687,nan,nan,52
5232,53,222,nan,nan,52
5232,53,25,nan,nan,52
5232,53,235,nan,nan,52
5232,53,92,nan,nan,52
5232,53,236,nan,nan,52
5232,54,311,nan,nan,52
5232,54,63,nan,nan,52
5232,54,265,nan,nan,52
5232,54,461,nan,nan,52
5232,54,239,nan,nan,52
5232,54,72,nan,nan,52
5232,60,82,nan,nan,52
5232,60,178,nan,nan,52
5232,60,297,nan,nan,52
5232,60,28,nan,nan,52
5232,61,590,nan,nan,52
5232,61,127,nan,nan,52
5232,61,345,nan,nan,52
5232,63,483,nan,nan,52
5232,63,669,nan,nan,52
5232,64,171,nan,nan,52
5232,64,674,nan,nan,52
5232,64,172,nan,nan,52
5232,64,301,nan,nan,52
5232,64,686,nan,nan,52
5232,68,562,nan,nan,52
5232,68,138,nan,nan,52
5232,76,270,nan,nan,52
5232,76,441,nan,nan,52
5232,76,110,nan,nan,52
5232,76,588,nan,nan,52
5232,76,137,nan,nan,52
5232,78,557,nan,nan,52
5232,79,538,nan,nan,52
5232,79,94,nan,nan,52
5232,79,449,nan,nan,52
5232,79,383,nan,nan,52
5232,79,109,nan,nan,52
5232,80,458,nan,nan,52
5232,80,341,nan,nan,52
5232,81,449,nan,nan,52
5232,81,209,nan,nan,52
5232,81,237,nan,nan,52
5232,81,16,nan,nan,52
5232,81,241,nan,nan,52
5232,83,62,nan,nan,52
5232,83,72,nan,nan,52
5232,83,527,nan,nan,52
5232,83,103,nan,nan,52
5232,84,639,nan,nan,52
5232,84,223,nan,nan,52
5232,84,443,nan,nan,52
5232,84,112,nan,nan,52
5232,84,59,nan,nan,52
5232,87,204,nan,nan,52
5232,87,681,nan,nan,52
5232,87,367,nan,nan,52
5232,87,472,nan,nan,52
5232,87,400,nan,nan,52
5232,87,450,nan,nan,52
5232,87,352,nan,nan,52
5232,88,488,nan,nan,52
5232,88,64,nan,nan,52
5232,88,243,nan,nan,52
5232,88,267,nan,nan,52
5232,88,61,nan,nan,52
5232,88,163,nan,nan,52
5232,88,42,nan,nan,52
5232,89,116,nan,nan,52
5232,89,482,nan,nan,52
5232,89,224,nan,nan,52
5232,89,433,nan,nan,52
5232,90,600,nan,nan,52
5232,90,15,nan,nan,52
5232,90,355,nan,nan,52
5232,90,493,nan,nan,52
5232,90,545,nan,nan,52
5232,91,597,nan,nan,52
5232,91,54,nan,nan,52
5232,91,297,nan,nan,52
5232,91,47,nan,nan,52
5232,92,365,nan,nan,52
5232,92,521,nan,nan,52
5232,92,293,nan,nan,52
5232,92,141,nan,nan,52
5232,99,181,nan,nan,52
5232,99,684,nan,nan,52
5232,99,254,nan,nan,52
5232,99,473,nan,nan,52
5232,99,394,nan,nan,52
5232,99,580,nan,nan,52
5232,100,556,nan,nan,52
5232,100,243,nan,nan,52
5232,100,432,nan,nan,52
5232,100,94,nan,nan,52
5232,100,94,nan,nan,52
5232,100,692,nan,nan,52
5232,102,573,nan,nan,52
5232,102,46,nan,nan,52
5232,102,541,nan,nan,52
5232,102,642,nan,nan,52
5232,102,169,nan,nan,52
5232,102,294,nan,nan,52
5232,102,362,nan,nan,52
5232,106,606,nan,nan,52
5232,106,315,nan,nan,52
5232,108,92,nan,nan,52
5232,108,94,nan,nan,52
5232,108,114,nan,nan,52
5232,108,546,nan,nan,52
5232,109,27,nan,nan,52
5232,109,92,nan,nan,52
5232,109,84,nan,nan,52
5232,109,181,nan,nan,52
5232,109,260,nan,nan,52
5232,111,158,nan,nan,52
5232,111,82,nan,nan,52
5232,111,50,nan,nan,52
5232,111,82,nan,nan,52
5232,111,413,nan,nan,52
5232,111,121,nan,nan,52
5232,112,124,nan,nan,52
5232,112,314,nan,nan,52
5232,112,673,nan,nan,52
5232,112,293,nan,nan,52
5232,122,690,nan,nan,52
5232,122,360,nan,nan,52
5232,122,136,nan,nan,52
5232,122,486,nan,nan,52
5232,122,31,nan,nan,52
5232,125,407,nan,nan,52
5232,125,620,nan,nan,52
5232,127,9,nan,nan,52
5232,127,542,nan,nan,52
5232,127,628,nan,nan,52
5232,127,481,nan,nan,52
5232,129,480,nan,nan,52
5232,129,44,nan,nan,52
5232,129,494,nan,nan,52
5232,129,339,nan,nan,52
5232,131,364,nan,nan,52
5232,131,131,nan,nan,52
5232,131,187,nan,nan,52
5232,131,398,nan,nan,52
5232,131,325,nan,nan,52
5232,133,230,nan,nan,52
5232,133,430,nan,nan,52
5232,133,237,nan,nan,52
5232,133,219,nan,nan,52
5232,133,578,nan,nan,52
5232,133,552,nan,nan,52
5232,133,135,nan,nan,52
5232,133,88,nan,nan,52
5232,133,368,nan,nan,52
5232,133,3,nan,nan,52
5232,136,693,nan,nan,52
5232,136,16,nan,nan,52
5232,136,349,nan,nan,52
5232,136,296,nan,nan,52
5232,136,248,nan,nan,52
5232,136,149,nan,nan,52
5232,136,516,nan,nan,52
5232,136,267,nan,nan,52
5232,136,439,nan,nan,52
5232,136,613,nan,nan,52
5232,137,114,nan,nan,52
5232,137,528,nan,nan,52
5232,137,681,nan,nan,52
5232,137,603,nan,nan,52
5232,137,159,nan,nan,52
5232,140,216,nan,nan,52
5232,140,418,nan,nan,52
5232,140,136,nan,nan,52
5232,140,589,nan,nan,52
5232,141,241,nan,nan,52
5232,141,612,nan,nan,52
5232,141,145,nan,nan,52
5232,141,291,nan,nan,52
5232,141,195,nan,nan,52
5232,141,229,nan,nan,52
5232,141,187,nan,nan,52
5232,144,302,nan,nan,52
5232,145,519,nan,nan,52
5232,145,345,nan,nan,52
5232,145,299,nan,nan,52
5232,145,290,nan,nan,52
5232,145,634,nan,nan,52
5232,145,94,nan,nan,52
5232,147,64,nan,nan,52
5232,147,558,nan,nan,52
5232,147,674,nan,nan,52
5232,147,99,nan,nan,52
5232,147,647,nan,nan,52
5232,147,22,nan,nan,52
5232,150,637,nan,nan,52
5232,150,205,nan,nan,52
5232,150,230,nan,nan,52
5232,150,256,nan,nan,52
5232,151,98,nan,nan,52
5232,151,281,nan,nan,52
5232,151,681,nan,nan,52
5232,151,80,nan,nan,52
5232,153,487,nan,nan,52
5232,153,151,nan,nan,52
5232,153,210,nan,nan,52
5232,154,440,nan,nan,52
5232,154,29,nan,nan,52
5232,155,470,nan,nan,52
5232,155,601,nan,nan,52
5233,0,354,nan,nan,51
5233,0,392,nan,nan,51
5233,0,294,nan,nan,51
5233,0,336,nan,nan,51
5233,1,580,nan,nan,51
5233,1,248,nan,nan,51
5233,1,270,nan,nan,51
5233,1,25,nan,nan,51
5233,1,623,nan,nan,51
5233,4,118,nan,nan,51
5233,4,533,nan,nan,51
5233,4,160,nan,nan,51
5233,5,476,nan,nan,51
5233,5,492,nan,nan,51
5233,5,234,nan,nan,51
5233,5,659,nan,nan,51
5233,5,121,nan,nan,51
5233,5,350,nan,nan,51
5233,7,325,nan,nan,51
5233,7,187,nan,nan,51
5233,7,523,nan,nan,51
5233,7,587,nan,nan,51
5233,7,2,nan,nan,51
5233,7,169,nan,nan,51
5233,8,67,nan,nan,51
5233,8,519,nan,nan,51
5233,9,310,nan,nan,51
5233,9,11,nan,nan,51
5233,9,468,nan,nan,51
5233,9,256,nan,nan,51
5233,11,679,nan,nan,51
5233,11,177,nan,nan,51
5233,11,216,nan,nan,51
5233,11,393,nan,nan,51
5233,11,505,nan,nan,51
5233,11,413,nan,nan,51
5233,14,373,nan,nan,51
5233,14,366,nan,nan,51
5233,14,126,nan,nan,51
5233,14,656,nan,nan,51
5233,14,496,nan,nan,51
5233,14,653,nan,nan,51
5233,14,71,nan,nan,51
5233,16,438,nan,nan,51
5233,16,545,nan,nan,51
5233,16,542,nan,nan,51
5233,18,198,nan,nan,51
5233,18,281,nan,nan,51
5233,18,72,nan,nan,51
5233,18,549,nan,nan,51
5233,18,572,nan,nan,51
5233,18,686,nan,nan,51
5233,19,119,nan,nan,51
5233,19,525,nan,nan,51
5233,19,207,nan,nan,51
5233,19,48,nan,nan,51
5233,19,77,nan,nan,51
5233,19,97,nan,nan,51
5233,19,462,nan,nan,51
5233,19,79,nan,nan,51
5233,21,618,nan,nan,51
5233,21,602,nan,nan,51
5233,21,368,nan,nan,51
5233,21,106,nan,nan,51
5233,21,510,nan,nan,51
5233,22,389,nan,nan,51
5233,22,439,nan,nan,51
5233,22,321,nan,nan,51
5233,22,674,nan,nan,51
5233,24,41,nan,nan,51
5233,24,660,nan,nan,51
5233,24,517,nan,nan,51
5233,25,271,nan,nan,51
5233,25,512,nan,nan,51
5233,25,545,nan,nan,51
5233,26,98,nan,nan,51
5233,26,488,nan,nan,51
5233,26,36,nan,nan,51
5233,28,242,nan,nan,51
5233,28,414,nan,nan,51
5233,28,678,nan,nan,51
5233,28,299,nan,nan,51
5233,28,516,nan,nan,51
5233,29,643,nan,nan,51
5233,29,462,nan,nan,51
5233,29,495,nan,nan,51
5233,29,615,nan,nan,51
5233,29,0,nan,nan,51
5233,29,347,nan,nan,51
5233,29,268,nan,nan,51
5233,32,186,nan,nan,51
5233,32,57,nan,nan,51
5233,32,323,nan,nan,51
5233,32,154,nan,nan,51
5233,32,601,nan,nan,51
5233,33,330,nan,nan,51
5233,33,641,nan,nan,51
5233,33,311,nan,nan,51
5233,33,402,nan,nan,51
5233,33,226,nan,nan,51
5233,33,488,nan,nan,51
5233,35,43,nan,nan,51
5233,35,586,nan,nan,51
5233,35,339,nan,nan,51
5233,36,84,nan,nan,51
5233,36,82,nan,nan,51
5233,36,80,nan,nan,51
5233,36,163,nan,nan,51
5233,36,491,nan,nan,51
5233,37,249,nan,nan,51
5233,37,213,nan,nan,51
5233,38,500,nan,nan,51
5233,38,300,nan,nan,51
5233,38,514,nan,nan,51
5233,38,213,nan,nan,51
5233,39,267,nan,nan,51
5233,39,529,nan,nan,51
5233,39,624,nan,nan,51
5233,39,540,nan,nan,51
5233,39,408,nan,nan,51
5233,39,345,nan,nan,51
5233,39,408,nan,nan,51
5233,39,178,nan,nan,51
5233,39,370,nan,nan,51
5233,39,241,nan,nan,51
5233,40,250,nan,nan,51
5233,40,446,nan,nan,51
5233,40,245,nan,nan,51
5233,40,71,nan,nan,51
5233,40,600,nan,nan,51
5233,47,212,nan,nan,51
5233,47,40,nan,nan,51
5233,48,445,nan,nan,51
5233,48,178,nan,nan,51
5233,48,437,nan,nan,51
5233,48,161,nan,nan,51
5233,48,456,nan,nan,51
5233,48,418,nan,nan,51
5233,53,688,nan,nan,51
5233,53,415,nan,nan,51
5233,53,415,nan,nan,51
5233,53,399,nan,nan,51
5233,55,584,nan,nan,51
5233,57,519,nan,nan,51
5233,57,30,nan,nan,51
5233,57,201,nan,nan,51
5233,57,93,nan,nan,51
5233,57,127,nan,nan,51
5233,58,302,nan,nan,51
5233,58,30,nan,nan,51
5233,58,324,nan,nan,51
5233,58,61,nan,nan,51
5233,58,394,nan,nan,51
5233,59,600,nan,nan,51
5233,59,262,nan,nan,51
5233,59,160,nan,nan,51
5233,59,547,nan,nan,51
5233,59,506,nan,nan,51
5233,59,343,nan,nan,51
5233,59,536,nan,nan,51
5233,59,189,nan,nan,51
5233,64,333,nan,nan,51
5233,64,18,nan,nan,51
5233,64,333,nan,nan,51
5233,64,376,nan,nan,51
5233,64,505,nan,nan,51
5233,66,472,nan,nan,51
5233,66,246,nan,nan,51
5233,66,306,nan,nan,51
5233,66,18,nan,nan,51
5233,66,103,nan,nan,51
5233,66,28,nan,nan,51
5233,68,150,nan,nan,51
5233,68,604,nan,nan,51
5233,69,422,nan,nan,51
5233,69,649,nan,nan,51
5233,69,106,nan,nan,51
5233,69,642,nan,nan,51
5233,69,285,nan,nan,51
5233,69,387,nan,nan,51
5233,69,387,nan,nan,51
5233,69,182,nan,nan,51
5233,69,469,nan,nan,51
5233,69,690,nan,nan,51
5233,70,55,nan,nan,51
5233,70,128,nan,nan,51
5233,70,494,nan,nan,51
5233,70,412,nan,nan,51
5233,70,584,nan,nan,51
5233,70,86,nan,nan,51
5233,74,199,nan,nan,51
5233,74,106,nan,nan,51
5233,77,499,nan,nan,51
5233,77,585,nan,nan,51
5233,78,318,nan,nan,51
5233,78,384,nan,nan,51
5233,78,341,nan,nan,51
5233,78,588,nan,nan,51
5233,78,206,nan,nan,51
5233,79,380,nan,nan,51
5233,79,260,nan,nan,51
5233,79,65,nan,nan,51
5233,79,144,nan,nan,51
5233,79,77,nan,nan,51
5233,79,645,nan,nan,51
5233,79,588,nan,nan,51
5233,80,197,nan,nan,51
5233,80,532,nan,nan,51
5233,80,445,nan,nan,51
5233,82,74,nan,nan,51
5233,82,643,nan,nan,51
5233,82,3,nan,nan,51
5233,82,560,nan,nan,51
5233,82,64,nan,nan,51
5233,83,671,nan,nan,51
5233,83,59,nan,nan,51
5233,83,20,nan,nan,51
5233,83,253,nan,nan,51
5233,83,571,nan,nan,51
5233,83,586,nan,nan,51
5233,83,405,nan,nan,51
5233,84,303,nan,nan,51
5233,84,373,nan,nan,51
5233,84,57,nan,nan,51
5233,84,11,nan,nan,51
5233,84,416,nan,nan,51
5233,84,100,nan,nan,51
5233,87,683,nan,nan,51
5233,87,295,nan,nan,51
5233,87,589,nan,nan,51
5233,87,183,nan,nan,51
5233,87,49,nan,nan,51
5233,87,405,nan,nan,51
5233,87,603,nan,nan,51
5233,87,444,nan,nan,51
5233,88,242,nan,nan,51
5233,88,186,nan,nan,51
5233,88,571,nan,nan,51
5233,88,130,nan,nan,51
5233,88,352,nan,nan,51
5233,88,546,nan,nan,51
5233,88,451,nan,nan,51
5233,94,530,nan,nan,51
5233,94,177,nan,nan,51
5233,94,673,nan,nan,51
5233,94,42,nan,nan,51
5233,94,542,nan,nan,51
5233,95,437,nan,nan,51
5233,95,629,nan,nan,51
5233,95,534,nan,nan,51
5233,95,145,nan,nan,51
5233,95,538,nan,nan,51
5233,95,211,nan,nan,51
5233,95,439,nan,nan,51
5233,95,3,nan,nan,51
5233,95,170,nan,nan,51
5233,97,330,nan,nan,51
5233,97,287,nan,nan,51
5233,97,226,nan,nan,51
5233,97,187,nan,nan,51
5233,97,602,nan,nan,51
5233,97,127,nan,nan,51
5233,101,371,nan,nan,51
5233,101,314,nan,nan,51
5233,101,473,nan,nan,51
5233,101,441,nan,nan,51
5233,101,431,nan,nan,51
5233,103,416,nan,nan,51
5233,103,692,nan,nan,51
5233,103,458,nan,nan,51
5233,103,602,nan,nan,51
5233,103,504,nan,nan,51
5233,103,260,nan,nan,51
5233,103,664,nan,nan,51
5233,105,440,nan,nan,51
5233,105,601,nan,nan,51
5233,105,621,nan,nan,51
5233,105,188,nan,nan,51
5233,105,467,nan,nan,51
5233,105,148,nan,nan,51
5233,105,124,nan,nan,51
5233,106,316,nan,nan,51
5233,106,624,nan,nan,51
5233,106,157,nan,nan,51
5233,106,143,nan,nan,51
5233,106,326,nan,nan,51
5233,107,163,nan,nan,51
5233,107,565,nan,nan,51
5233,107,293,nan,nan,51
5233,107,557,nan,nan,51
5233,107,39,nan,nan,51
5233,107,676,nan,nan,51
5233,107,623,nan,nan,51
5233,107,93,nan,nan,51
5233,110,373,nan,nan,51
5233,110,201,nan,nan,51
5233,110,506,nan,nan,51
5233,111,580,nan,nan,51
5233,111,215,nan,nan,51
5233,111,67,nan,nan,51
5233,111,325,nan,nan,51
5233,111,100,nan,nan,51
5233,116,166,nan,nan,51
5233,116,527,nan,nan,51
5233,116,383,nan,nan,51
5233,116,665,nan,nan,51
5233,116,552,nan,nan,51
5233,116,539,nan,nan,51
5233,117,42,nan,nan,51
5233,117,371,nan,nan,51
5233,117,210,nan,nan,51
5233,117,362,nan,nan,51
5233,118,79,nan,nan,51
5233,118,234,nan,nan,51
5233,118,139,nan,nan,51
5233,122,347,nan,nan,51
5233,122,142,nan,nan,51
5233,122,542,nan,nan,51
5233,124,331,nan,nan,51
5233,124,49,nan,nan,51
5233,124,133,nan,nan,51
5233,124,525,nan,nan,51
5233,124,551,nan,nan,51
5233,124,73,nan,nan,51
5233,124,543,nan,nan,51
5233,124,405,nan,nan,51
5233,124,469,nan,nan,51
5233,124,649,nan,nan,51
5233,124,377,nan,nan,51
5233,125,34,nan,nan,51
5233,125,242,nan,nan,51
5233,125,418,nan,nan,51
5233,127,331,nan,nan,51
5233,127,446,nan,nan,51
5233,127,577,nan,nan,51
5233,132,90,nan,nan,51
5233,132,327,nan,nan,51
5233,132,680,nan,nan,51
5233,132,522,nan,nan,51
5233,132,137,nan,nan,51
5233,132,613,nan,nan,51
5233,132,449,nan,nan,51
5233,132,457,nan,nan,51
5233,132,329,nan,nan,51
5233,133,303,nan,nan,51
5233,133,356,nan,nan,51
5233,133,265,nan,nan,51
5233,136,181,nan,nan,51
5233,136,150,nan,nan,51
5233,136,487,nan,nan,51
5233,137,6,nan,nan,51
5233,137,397,nan,nan,51
5233,139,503,nan,nan,51
5233,139,380,nan,nan,51
5233,139,248,nan,nan,51
5233,140,311,nan,nan,51
5233,140,366,nan,nan,51
5233,140,398,nan,nan,51
5233,140,663,nan,nan,51
5233,140,173,nan,nan,51
5233,140,247,nan,nan,51
5233,141,653,nan,nan,51
5233,141,576,nan,nan,51
5233,141,506,nan,nan,51
5233,141,416,nan,nan,51
5233,142,489,nan,nan,51
5233,142,428,nan,nan,51
5233,142,449,nan,nan,51
5233,142,488,nan,nan,51
5233,143,636,nan,nan,51
5233,143,637,nan,nan,51
5233,143,380,nan,nan,51
5233,143,522,nan,nan,51
5233,143,64,nan,nan,51
5233,143,499,nan,nan,51
5233,143,366,nan,nan,51
5233,143,343,nan,nan,51
5233,147,315,nan,nan,51
5233,147,507,nan,nan,51
5233,147,539,nan,nan,51
5233,147,430,nan,nan,51
5233,147,21,nan,nan,51
5233,147,357,nan,nan,51
5233,147,118,nan,nan,51
5233,149,40,nan,nan,51
5233,150,461,nan,nan,51
5233,150,637,nan,nan,51
5233,150,447,nan,nan,51
5233,150,108,nan,nan,51
5233,150,371,nan,nan,51
5233,150,118,nan,nan,51
5233,150,555,nan,nan,51
5233,150,276,nan,nan,51
5233,153,209,nan,nan,51
5233,153,138,nan,nan,51
5233,153,289,nan,nan,51
5233,153,301,nan,nan,51
5233,104,275,nan,nan,51
5234,0,322,nan,nan,87
5234,0,667,nan,nan,87
5234,0,264,nan,nan,87
5234,0,240,nan,nan,87
5234,0,575,nan,nan,87
5234,0,200,nan,nan,87
5234,0,110,nan,nan,87
5234,2,36,nan,nan,87
5234,2,676,nan,nan,87
5234,2,480,nan,nan,87
5234,2,348,nan,nan,87
5234,5,629,nan,nan,87
5234,5,220,nan,nan,87
5234,5,286,nan,nan,87
5234,5,187,nan,nan,87
5234,5,661,nan,nan,87
5234,5,49,nan,nan,87
5234,5,92,nan,nan,87
5234,5,600,nan,nan,87
5234,6,127,nan,nan,87
5234,6,413,nan,nan,87
5234,6,530,nan,nan,87
5234,7,62,nan,nan,87
5234,7,349,nan,nan,87
5234,7,168,nan,nan,87
5234,7,673,nan,nan,87
5234,8,587,nan,nan,87
5234,8,587,nan,nan,87
5234,8,453,nan,nan,87
5234,8,402,nan,nan,87
5234,9,479,nan,nan,87
5234,9,392,nan,nan,87
5234,9,337,nan,nan,87
5234,12,307,nan,nan,87
5234,12,127,nan,nan,87
5234,12,176,nan,nan,87
5234,12,698,nan,nan,87
5234,14,686,nan,nan,87
5234,14,115,nan,nan,87
5234,14,562,nan,nan,87
5234,14,582,nan,nan,87
5234,14,272,nan,nan,87
5234,14,689,nan,nan,87
5234,15,499,nan,nan,87
5234,15,272,nan,nan,87
5234,15,321,nan,nan,87
5234,15,83,nan,nan,87
5234,16,691,nan,nan,87
5234,16,661,nan,nan,87
5234,16,637,nan,nan,87
5234,16,256,nan,nan,87
5234,16,481,nan,nan,87
5234,18,209,nan,nan,87
5234,18,199,nan,nan,87
5234,18,572,nan,nan,87
5234,23,465,nan,nan,87
5234,23,669,nan,nan,87
5234,23,71,nan,nan,87
5234,24,687,nan,nan,87
5234,24,462,nan,nan,87
5234,25,296,nan,nan,87
5234,25,268,nan,nan,87
5234,25,349,nan,nan,87
5234,25,178,nan,nan,87
5234,25,58,nan,nan,87
5234,25,199,nan,nan,87
5234,26,185,nan,nan,87
5234,26,70,nan,nan,87
5234,26,66,nan,nan,87
5234,26,452,nan,nan,87
5234,26,317,nan,nan,87
5234,26,645,nan,nan,87
5234,27,0,nan,nan,87
5234,27,220,nan,nan,87
5234,27,643,nan,nan,87
5234,27,649,nan,nan,87
5234,27,226,nan,nan,87
5234,29,551,nan,nan,87
5234,29,195,nan,nan,87
5234,29,301,nan,nan,87
5234,29,204,nan,nan,87
5234,29,374,nan,nan,87
5234,29,47,nan,nan,87
5234,29,87,nan,nan,87
5234,29,666,nan,nan,87
5234,30,657,nan,nan,87
5234,30,124,nan,nan,87
5234,30,679,nan,nan,87
5234,30,327,nan,nan,87
5234,30,201,nan,nan,87
5234,30,630,nan,nan,87
5234,30,48,nan,nan,87
5234,32,650,nan,nan,87
5234,32,663,nan,nan,87
5234,32,454,nan,nan,87
5234,32,166,nan,nan,87
5234,32,493,nan,nan,87
5234,32,152,nan,nan,87
5234,34,688,nan,nan,87
5234,34,624,nan,nan,87
5234,34,472,nan,nan,87
5234,34,290,nan,nan,87
5234,34,44,nan,nan,87
5234,34,231,nan,nan,87
5234,34,571,nan,nan,87
5234,39,79,nan,nan,87
5234,39,678,nan,nan,87
5234,39,363,nan,nan,87
5234,39,325,nan,nan,87
5234,39,387,nan,nan,87
5234,39,304,nan,nan,87
5234,39,430,nan,nan,87
5234,39,670,nan,nan,87
5234,40,417,nan,nan,87
5234,40,576,nan,nan,87
5234,40,362,nan,nan,87
5234,40,670,nan,nan,87
5234,41,647,nan,nan,87
5234,41,381,nan,nan,87
5234,41,54,nan,nan,87
5234,42,207,nan,nan,87
5234,42,535,nan,nan,87
5234,42,353,nan,nan,87
5234,42,357,nan,nan,87
5234,42,13,nan,nan,87
5234,42,410,nan,nan,87
5234,42,496,nan,nan,87
5234,42,345,nan,nan,87
5234,42,79,nan,nan,87
5234,43,87,nan,nan,87
5234,43,7,nan,nan,87
5234,43,488,nan,nan,87
5234,43,295,nan,nan,87
5234,43,610,nan,nan,87
5234,43,521,nan,nan,87
5234,43,409,nan,nan,87
5234,43,419,nan,nan,87
5234,46,553,nan,nan,87
5234,46,346,nan,nan,87
5234,46,232,nan,nan,87
5234,46,377,nan,nan,87
5234,46,418,nan,nan,87
5234,46,261,nan,nan,87
5234,46,437,nan,nan,87
5234,46,276,nan,nan,87
5234,46,476,nan,nan,87
5234,46,478,nan,nan,87
5234,46,317,nan,nan,87
5234,46,581,nan,nan,87
5234,48,474,nan,nan,87
5234,48,377,nan,nan,87
5234,48,329,nan,nan,87
5234,48,528,nan,nan,87
5234,48,235,nan,nan,87
5234,49,294,nan,nan,87
5234,49,530,nan,nan,87
5234,49,556,nan,nan,87
5234,49,594,nan,nan,87
5234,49,210,nan,nan,87
5234,49,236,nan,nan,87
5234,50,453,nan,nan,87
5234,50,604,nan,nan,87
5234,50,184,nan,nan,87
5234,50,442,nan,nan,87
5234,50,359,nan,nan,87
5234,50,316,nan,nan,87
5234,56,335,nan,nan,87
5234,56,577,nan,nan,87
5234,58,629,nan,nan,87
5234,58,442,nan,nan,87
5234,58,205,nan,nan,87
5234,58,201,nan,nan,87
5234,58,695,nan,nan,87
5234,58,30,nan,nan,87
5234,59,629,nan,nan,87
5234,59,55,nan,nan,87
5234,59,101,nan,nan,87
5234,59,74,nan,nan,87
5234,59,444,nan,nan,87
5234,59,97,nan,nan,87
5234,59,484,nan,nan,87
5234,59,262,nan,nan,87
5234,59,671,nan,nan,87
5234,59,559,nan,nan,87
5234,61,519,nan,nan,87
5234,61,570,nan,nan,87
5234,61,308,nan,nan,87
5234,61,249,nan,nan,87
5234,61,60,nan,nan,87
5234,63,652,nan,nan,87
5234,64,129,nan,nan,87
5234,64,400,nan,nan,87
5234,64,147,nan,nan,87
5234,64,603,nan,nan,87
5234,64,72,nan,nan,87
5234,64,361,nan,nan,87
5234,66,529,nan,nan,87
5234,66,227,nan,nan,87
5234,66,311,nan,nan,87
5234,68,676,nan,nan,87
5234,68,156,nan,nan,87
5234,68,313,nan,nan,87
5234,69,572,nan,nan,87
5234,69,256,nan,nan,87
5234,70,525,nan,nan,87
5234,70,229,nan,nan,87
5234,70,469,nan,nan,87
5234,70,424,nan,nan,87
5234,70,450,nan,nan,87
5234,70,400,nan,nan,87
5234,70,87,nan,nan,87
5234,71,690,nan,nan,87
5234,71,254,nan,nan,87
5234,71,405,nan,nan,87
5234,71,394,nan,nan,87
5234,73,24,nan,nan,87
5234,73,395,nan,nan,87
5234,73,598,nan,nan,87
5234,73,161,nan,nan,87
5234,73,542,nan,nan,87
5234,73,550,nan,nan,87
5234,73,225,nan,nan,87
5234,75,557,nan,nan,87
5234,75,568,nan,nan,87
5234,75,70,nan,nan,87
5234,75,120,nan,nan,87
5234,79,427,nan,nan,87
5234,79,123,nan,nan,87
5234,79,605,nan,nan,87
5234,79,455,nan,nan,87
5234,81,666,nan,nan,87
5234,81,694,nan,nan,87
5234,81,653,nan,nan,87
5234,81,452,nan,nan,87
5234,81,132,nan,nan,87
5234,82,455,nan,nan,87
5234,82,57,nan,nan,87
5234,82,686,nan,nan,87
5234,82,495,nan,nan,87
5234,82,653,nan,nan,87
5234,82,562,nan,nan,87
5234,82,233,nan,nan,87
5234,84,404,nan,nan,87
5234,84,274,nan,nan,87
5234,84,399,nan,nan,87
5234,84,160,nan,nan,87
5234,87,164,nan,nan,87
5234,87,111,nan,nan,87
5234,87,19,nan,nan,87
5234,87,447,nan,nan,87
5234,87,588,nan,nan,87
5234,87,290,nan,nan,87
5234,88,391,nan,nan,87
5234,88,61,nan,nan,87
5234,88,658,nan,nan,87
5234,88,471,nan,nan,87
5234,88,109,nan,nan,87
5234,88,334,nan,nan,87
5234,88,431,nan,nan,87
5234,88,67,nan,nan,87
5234,89,484,nan,nan,87
5234,89,304,nan,nan,87
5234,89,284,nan,nan,87
5234,93,105,nan,nan,87
5234,93,644,nan,nan,87
5234,93,120,nan,nan,87
5234,93,627,nan,nan,87
5234,93,110,nan,nan,87
5234,95,488,nan,nan,87
5234,95,290,nan,nan,87
5234,95,64,nan,nan,87
5234,96,509,nan,nan,87
5234,96,445,nan,nan,87
5234,96,57,nan,nan,87
5234,96,146,nan,nan,87
5234,96,165,nan,nan,87
5234,96,474,nan,nan,87
5234,96,673,nan,nan,87
5234,96,19,nan,nan,87
5234,97,5,nan,nan,87
5234,97,647,nan,nan,87
5234,97,268,nan,nan,87
5234,97,667,nan,nan,87
5234,97,301,nan,nan,87
5234,97,464,nan,nan,87
5234,100,549,nan,nan,87
5234,100,556,nan,nan,87
5234,100,146,nan,nan,87
5234,100,466,nan,nan,87
5234,100,433,nan,nan,87
5234,100,89,nan,nan,87
5234,100,157,nan,nan,87
5234,100,110,nan,nan,87
5234,102,84,nan,nan,87
5234,102,50,nan,nan,87
5234,102,157,nan,nan,87
5234,102,534,nan,nan,87
5234,102,393,nan,nan,87
5234,103,644,nan,nan,87
5234,103,268,nan,nan,87
5234,103,642,nan,nan,87
5234,110,382,nan,nan,87
5234,110,519,nan,nan,87
5234,111,152,nan,nan,87
5234,111,303,nan,nan,87
5234,111,413,nan,nan,87
5234,111,579,nan,nan,87
5234,112,135,nan,nan,87
5234,112,356,nan,nan,87
5234,112,578,nan,nan,87
5234,112,539,nan,nan,87
5234,114,600,nan,nan,87
5234,114,332,nan,nan,87
5234,114,294,nan,nan,87
5234,114,546,nan,nan,87
5234,114,370,nan,nan,87
5234,114,177,nan,nan,87
5234,122,244,nan,nan,87
5234,122,245,nan,nan,87
5234,122,582,nan,nan,87
5234,124,524,nan,nan,87
5234,124,500,nan,nan,87
5234,124,203,nan,nan,87
5234,124,375,nan,nan,87
5234,124,97,nan,nan,87
5234,124,675,nan,nan,87
5234,126,48,nan,nan,87
5234,126,653,nan,nan,87
5234,126,500,nan,nan,87
5234,126,268,nan,nan,87
5234,126,32,nan,nan,87
5234,126,360,nan,nan,87
5234,126,505,nan,nan,87
5234,129,441,nan,nan,87
5234,129,577,nan,nan,87
5234,129,416,nan,nan,87
5234,129,79,nan,nan,87
5234,129,498,nan,nan,87
5234,133,304,nan,nan,87
5234,133,550,nan,nan,87
5234,133,124,nan,nan,87
5234,133,605,nan,nan,87
5234,133,499,nan,nan,87
5234,133,415,nan,nan,87
5234,137,573,nan,nan,87
5234,137,645,nan,nan,87
5234,137,466,nan,nan,87
5234,137,393,nan,nan,87
5234,137,274,nan,nan,87
5234,139,549,nan,nan,87
5234,139,84,nan,nan,87
5234,139,454,nan,nan,87
5234,139,405,nan,nan,87
5234,139,678,nan,nan,87
5234,139,622,nan,nan,87
5234,139,0,nan,nan,87
5234,139,209,nan,nan,87
5234,139,188,nan,nan,87
5234,139,624,nan,nan,87
5234,141,451,nan,nan,87
5234,141,135,nan,nan,87
5234,143,496,nan,nan,87
5234,143,655,nan,nan,87
5234,143,503,nan,nan,87
5234,143,229,nan,nan,87
5234,143,496,nan,nan,87
5234,143,506,nan,nan,87
5234,143,452,nan,nan,87
5234,143,637,nan,nan,87
5234,149,121,nan,nan,87
5234,149,99,nan,nan,87
5234,151,418,nan,nan,87
5234,151,202,nan,nan,87
5234,151,148,nan,nan,87
5234,152,621,nan,nan,87
5234,153,196,nan,nan,87
5234,153,315,nan,nan,87
5234,153,459,nan,nan,87
5234,153,685,nan,nan,87
5234,153,161,nan,nan,87
5234,153,695,nan,nan,87
5234,153,556,nan,nan,87
5234,153,498,nan,nan,87
5234,153,189,nan,nan,87
5234,155,75,nan,nan,87
5234,155,262,nan,nan,87
5234,155,59,nan,nan,87
5234,52,420,nan,nan,87
5235,0,71,nan,nan,58
5235,0,480,nan,nan,58
5235,0,395,nan,nan,58
5235,0,146,nan,nan,58
5235,0,189,nan,nan,58
5235,0,461,nan,nan,58
5235,4,695,nan,nan,58
5235,4,198,nan,nan,58
5235,4,205,nan,nan,58
5235,4,558,nan,nan,58
5235,4,60,nan,nan,58
5235,5,201,nan,nan,58
5235,5,441,nan,nan,58
5235,5,227,nan,nan,58
5235,5,579,nan,nan,58
5235,5,399,nan,nan,58
5235,5,390,nan,nan,58
5235,5,623,nan,nan,58
5235,5,253,nan,nan,58
5235,6,195,nan,nan,58
5235,6,682,nan,nan,58
5235,9,18,nan,nan,58
5235,9,540,nan,nan,58
5235,10,583,nan,nan,58
5235,10,690,nan,nan,58
5235,10,399,nan,nan,58
5235,11,153,nan,nan,58
5235,11,148,nan,nan,58
5235,11,265,nan,nan,58
5235,11,586,nan,nan,58
5235,11,320,nan,nan,58
5235,11,203,nan,nan,58
5235,11,431,nan,nan,58
5235,13,243,nan,nan,58
5235,13,44,nan,nan,58
5235,13,229,nan,nan,58
5235,13,5,nan,nan,58
5235,13,371,nan,nan,58
5235,13,415,nan,nan,58
5235,13,321,nan,nan,58
5235,13,164,nan,nan,58
5235,15,665,nan,nan,58
5235,15,2,nan,nan,58
5235,16,690,nan,nan,58
5235,16,400,nan,nan,58
5235,16,531,nan,nan,58
5235,16,174,nan,nan,58
5235,16,526,nan,nan,58
5235,16,347,nan,nan,58
5235,16,361,nan,nan,58
5235,18,429,nan,nan,58
5235,18,347,nan,nan,58
5235,18,459,nan,nan,58
5235,19,577,nan,nan,58
5235,19,613,nan,nan,58
5235,19,598,nan,nan,58
5235,19,156,nan,nan,58
5235,19,573,nan,nan,58
5235,20,152,nan,nan,58
5235,21,92,nan,nan,58
5235,21,233,nan,nan,58
5235,22,402,nan,nan,58
5235,22,145,nan,nan,58
5235,22,641,nan,nan,58
5235,24,21,nan,nan,58
5235,24,379,nan,nan,58
5235,25,100,nan,nan,58
5235,25,16,nan,nan,58
5235,25,221,nan,nan,58
5235,25,327,nan,nan,58
5235,25,9,nan,nan,58
5235,26,16,nan,nan,58
5235,26,279,nan,nan,58
5235,26,199,nan,nan,58
5235,28,63,nan,nan,58
5235,28,551,nan,nan,58
5235,30,482,nan,nan,58
5235,30,391,nan,nan,58
5235,30,650,nan,nan,58
5235,30,460,nan,nan,58
5235,32,451,nan,nan,58
5235,32,268,nan,nan,58
5235,32,303,nan,nan,58
5235,32,637,nan,nan,58
5235,32,589,nan,nan,58
5235,32,580,nan,nan,58
5235,32,472,nan,nan,58
5235,34,444,nan,nan,58
5235,34,524,nan,nan,58
5235,34,404,nan,nan,58
5235,34,664,nan,nan,58
5235,34,512,nan,nan,58
5235,36,242,nan,nan,58
5235,36,260,nan,nan,58
5235,36,643,nan,nan,58
5235,36,634,nan,nan,58
5235,36,539,nan,nan,58
5235,37,641,nan,nan,58
5235,37,223,nan,nan,58
5235,37,201,nan,nan,58
5235,37,79,nan,nan,58
5235,37,493,nan,nan,58
5235,37,535,nan,nan,58
5235,37,22,nan,nan,58
5235,37,241,nan,nan,58
5235,38,120,nan,nan,58
5235,38,643,nan,nan,58
5235,38,154,nan,nan,58
5235,38,602,nan,nan,58
5235,38,279,nan,nan,58
5235,38,355,nan,nan,58
5235,39,377,nan,nan,58
5235,39,380,nan,nan,58
5235,39,467,nan,nan,58
5235,39,443,nan,nan,58
5235,40,422,nan,nan,58
5235,40,404,nan,nan,58
5235,40,141,nan,nan,58
5235,40,380,nan,nan,58
5235,40,521,nan,nan,58
5235,44,304,nan,nan,58
5235,44,404,nan,nan,58
5235,44,111,nan,nan,58
5235,44,435,nan,nan,58
5235,45,602,nan,nan,58
5235,45,276,nan,nan,58
5235,45,440,nan,nan,58
5235,45,221,nan,nan,58
5235,46,357,nan,nan,58
5235,46,169,nan,nan,58
5235,46,167,nan,nan,58
5235,46,522,nan,nan,58
5235,46,124,nan,nan,58
5235,46,37,nan,nan,58
5235,47,610,nan,nan,58
5235,47,161,nan,nan,58
5235,47,253,nan,nan,58
5235,47,167,nan,nan,58
5235,47,196,nan,nan,58
5235,47,196,nan,nan,58
5235,47,127,nan,nan,58
5235,47,602,nan,nan,58
5235,49,644,nan,nan,58
5235,49,560,nan,nan,58
5235,49,453,nan,nan,58
5235,56,528,nan,nan,58
5235,56,443,nan,nan,58
5235,56,544,nan,nan,58
5235,56,568,nan,nan,58
5235,56,73,nan,nan,58
5235,56,196,nan,nan,58
5235,56,163,nan,nan,58
5235,58,429,nan,nan,58
5235,58,97,nan,nan,58
5235,58,156,nan,nan,58
5235,58,142,nan,nan,58
5235,58,127,nan,nan,58
5235,62,359,nan,nan,58
5235,62,8,nan,nan,58
5235,62,388,nan,nan,58
5235,62,38,nan,nan,58
5235,65,321,nan,nan,58
5235,65,176,nan,nan,58
5235,65,389,nan,nan,58
5235,69,589,nan,nan,58
5235,69,574,nan,nan,58
5235,69,326,nan,nan,58
5235,69,641,nan,nan,58
5235,71,163,nan,nan,58
5235,71,168,nan,nan,58
5235,71,221,nan,nan,58
5235,71,649,nan,nan,58
5235,71,245,nan,nan,58
5235,72,405,nan,nan,58
5235,72,79,nan,nan,58
5235,72,405,nan,nan,58
5235,72,119,nan,nan,58
5235,72,425,nan,nan,58
5235,72,433,nan,nan,58
5235,72,79,nan,nan,58
5235,72,377,nan,nan,58
5235,72,145,nan,nan,58
5235,72,245,nan,nan,58
5235,73,238,nan,nan,58
5235,73,57,nan,nan,58
5235,73,268,nan,nan,58
5235,73,384,nan,nan,58
5235,73,285,nan,nan,58
5235,73,336,nan,nan,58
5235,73,182,nan,nan,58
5235,73,24,nan,nan,58
5235,73,30,nan,nan,58
5235,74,313,nan,nan,58
5235,74,345,nan,nan,58
5235,74,405,nan,nan,58
5235,74,458,nan,nan,58
5235,74,182,nan,nan,58
5235,74,689,nan,nan,58
5235,75,76,nan,nan,58
5235,75,697,nan,nan,58
5235,75,261,nan,nan,58
5235,75,509,nan,nan,58
5235,75,318,nan,nan,58
5235,75,21,nan,nan,58
5235,75,248,nan,nan,58
5235,75,79,nan,nan,58
5235,77,183,nan,nan,58
5235,77,600,nan,nan,58
5235,77,417,nan,nan,58
5235,77,340,nan,nan,58
5235,77,2,nan,nan,58
5235,78,634,nan,nan,58
5235,78,329,nan,nan,58
5235,78,369,nan,nan,58
5235,78,181,nan,nan,58
5235,78,440,nan,nan,58
5235,78,513,nan,nan,58
5235,78,635,nan,nan,58
5235,78,345,nan,nan,58
5235,78,513,nan,nan,58
5235,78,250,nan,nan,58
5235,81,613,nan,nan,58
5235,81,486,nan,nan,58
5235,81,268,nan,nan,58
5235,83,472,nan,nan,58
5235,83,404,nan,nan,58
5235,83,457,nan,nan,58
5235,83,508,nan,nan,58
5235,83,690,nan,nan,58
5235,83,70,nan,nan,58
5235,83,639,nan,nan,58
5235,83,472,nan,nan,58
5235,84,524,nan,nan,58
5235,84,498,nan,nan,58
5235,86,311,nan,nan,58
5235,86,445,nan,nan,58
5235,86,650,nan,nan,58
5235,86,465,nan,nan,58
5235,88,658,nan,nan,58
5235,88,20,nan,nan,58
5235,88,192,nan,nan,58
5235,88,332,nan,nan,58
5235,88,634,nan,nan,58
5235,89,153,nan,nan,58
5235,89,75,nan,nan,58
5235,89,444,nan,nan,58
5235,89,226,nan,nan,58
5235,89,223,nan,nan,58
5235,89,136,nan,nan,58
5235,91,250,nan,nan,58
5235,91,429,nan,nan,58
5235,91,488,nan,nan,58
5235,91,431,nan,nan,58
5235,91,129,nan,nan,58
5235,92,217,nan,nan,58
5235,92,389,nan,nan,58
5235,92,273,nan,nan,58
5235,92,582,nan,nan,58
5235,92,69,nan,nan,58
5235,92,353,nan,nan,58
5235,93,160,nan,nan,58
5235,93,355,nan,nan,58
5235,93,535,nan,nan,58
5235,93,3,nan,nan,58
5235,93,405,nan,nan,58
5235,93,491,nan,nan,58
5235,93,126,nan,nan,58
5235,95,349,nan,nan,58
5235,95,549,nan,nan,58
5235,95,59,nan,nan,58
5235,95,279,nan,nan,58
5235,95,647,nan,nan,58
5235,95,99,nan,nan,58
5235,95,452,nan,nan,58
5235,96,120,nan,nan,58
5235,96,137,nan,nan,58
5235,96,113,nan,nan,58
5235,98,528,nan,nan,58
5235,98,33,nan,nan,58
5235,98,361,nan,nan,58
5235,98,271,nan,nan,58
5235,99,295,nan,nan,58
5235,99,521,nan,nan,58
5235,102,333,nan,nan,58
5235,102,210,nan,nan,58
5235,102,210,nan,nan,58
5235,102,314,nan,nan,58
5235,102,141,nan,nan,58
5235,103,195,nan,nan,58
5235,103,149,nan,nan,58
5235,103,65,nan,nan,58
5235,103,410,nan,nan,58
5235,103,547,nan,nan,58
5235,103,493,nan,nan,58
5235,103,524,nan,nan,58
5235,103,284,nan,nan,58
5235,103,647,nan,nan,58
5235,105,130,nan,nan,58
5235,105,36,nan,nan,58
5235,105,67,nan,nan,58
5235,105,66,nan,nan,58
5235,105,682,nan,nan,58
5235,105,105,nan,nan,58
5235,106,37,nan,nan,58
5235,106,468,nan,nan,58
5235,106,30,nan,nan,58
5235,106,211,nan,nan,58
5235,106,651,nan,nan,58
5235,106,500,nan,nan,58
5235,106,388,nan,nan,58
5235,106,94,nan,nan,58
5235,106,429,nan,nan,58
5235,106,484,nan,nan,58
5235,107,410,nan,nan,58
5235,107,658,nan,nan,58
5235,107,279,nan,nan,58
5235,107,85,nan,nan,58
5235,107,682,nan,nan,58
5235,107,63,nan,nan,58
5235,107,378,nan,nan,58
5235,108,30,nan,nan,58
5235,108,24,nan,nan,58
5235,108,315,nan,nan,58
5235,110,464,nan,nan,58
5235,110,67,nan,nan,58
5235,110,623,nan,nan,58
5235,110,569,nan,nan,58
5235,110,315,nan,nan,58
5235,110,601,nan,nan,58
5235,111,348,nan,nan,58
5235,111,100,nan,nan,58
5235,111,100,nan,nan,58
5235,117,474,nan,nan,58
5235,117,652,nan,nan,58
5235,117,138,nan,nan,58
5235,117,18,nan,nan,58
5235,117,586,nan,nan,58
5235,117,389,nan,nan,58
5235,119,548,nan,nan,58
5235,119,677,nan,nan,58
5235,119,277,nan,nan,58
5235,119,472,nan,nan,58
5235,119,632,nan,nan,58
5235,119,2,nan,nan,58
5235,119,391,nan,nan,58
5235,120,574,nan,nan,58
5235,120,42,nan,nan,58
5235,120,338,nan,nan,58
5235,120,313,nan,nan,58
5235,120,457,nan,nan,58
5235,120,467,nan,nan,58
5235,120,521,nan,nan,58
5235,120,108,nan,nan,58
5235,121,184,nan,nan,58
5235,121,371,nan,nan,58
5235,121,542,nan,nan,58
5235,121,217,nan,nan,58
5235,121,562,nan,nan,58
5235,121,625,nan,nan,58
5235,121,665,nan,nan,58
5235,121,690,nan,nan,58
5235,121,30,nan,nan,58
5235,121,698,nan,nan,58
5235,121,665,nan,nan,58
5235,123,377,nan,nan,58
5235,123,444,nan,nan,58
5235,123,339,nan,nan,58
5235,123,450,nan,nan,58
5235,123,672,nan,nan,58
5235,123,197,nan,nan,58
5235,124,285,nan,nan,58
5235,124,697,nan,nan,58
5235,124,119,nan,nan,58
5235,124,59,nan,nan,58
5235,133,5,nan,nan,58
5235,133,645,nan,nan,58
5235,133,653,nan,nan,58
5235,133,659,nan,nan,58
5235,133,84,nan,nan,58
5235,133,653,nan,nan,58
5235,133,560,nan,nan,58
5235,133,578,nan,nan,58
5235,134,57,nan,nan,58
5235,134,178,nan,nan,58
5235,134,25,nan,nan,58
5235,134,453,nan,nan,58
5235,134,358,nan,nan,58
5235,134,512,nan,nan,58
5235,137,304,nan,nan,58
5235,137,622,nan,nan,58
5235,137,362,nan,nan,58
5235,137,663,nan,nan,58
5235,137,567,nan,nan,58
5235,137,684,nan,nan,58
5235,137,142,nan,nan,58
5235,137,481,nan,nan,58
5235,138,223,nan,nan,58
5235,138,504,nan,nan,58
5235,138,163,nan,nan,58
5235,138,482,nan,nan,58
5235,138,119,nan,nan,58
5235,142,663,nan,nan,58
5235,142,84,nan,nan,58
5235,142,663,nan,nan,58
5235,142,345,nan,nan,58
5235,144,183,nan,nan,58
5235,144,558,nan,nan,58
5235,144,509,nan,nan,58
5235,144,203,nan,nan,58
5235,145,407,nan,nan,58
5235,145,175,nan,nan,58
5235,145,67,nan,nan,58
5235,145,112,nan,nan,58
5235,145,530,nan,nan,58
5235,145,627,nan,nan,58
5235,145,582,nan,nan,58
5235,145,335,nan,nan,58
5235,145,99,nan,nan,58
5235,145,624,nan,nan,58
5235,146,186,nan,nan,58
5235,146,609,nan,nan,58
5235,146,353,nan,nan,58
5235,146,630,nan,nan,58
5235,146,567,nan,nan,58
5235,146,355,nan,nan,58
5235,146,437,nan,nan,58
5235,146,335,nan,nan,58
5235,146,296,nan,nan,58
5235,148,77,nan,nan,58
5235,148,554,nan,nan,58
5235,148,134,nan,nan,58
5235,148,489,nan,nan,58
5235,148,581,nan,nan,58
5235,148,527,nan,nan,58
5235,149,501,nan,nan,58
5235,149,96,nan,nan,58
5235,149,616,nan,nan,58
5235,149,59,nan,nan,58
5235,149,331,nan,nan,58
5235,149,27,nan,nan,58
5235,150,276,nan,nan,58
5235,150,495,nan,nan,58
5235,150,43,nan,nan,58
5235,152,294,nan,nan,58
5235,152,530,nan,nan,58
5235,152,308,nan,nan,58
5235,152,671,nan,nan,58
5235,153,568,nan,nan,58
5235,153,179,nan,nan,58
5235,153,416,nan,nan,58
5235,154,600,nan,nan,58
5235,154,656,nan,nan,58
5235,154,393,nan,nan,58
5235,154,415,nan,nan,58
5235,154,94,nan,nan,58
5235,155,578,nan,nan,58
5235,155,208,nan,nan,58
5235,155,505,nan,nan,58
5236,5,248,nan,nan,69
5236,5,247,nan,nan,69
5236,5,682,1,0.25,69
5236,5,522,nan,nan,69
5236,5,160,nan,nan,69
5236,5,627,nan,nan,69
5236,5,692,nan,nan,69
5236,5,461,nan,nan,69
5236,5,122,nan,nan,69
5236,5,314,nan,nan,69
5236,5,576,nan,nan,69
5236,5,623,nan,nan,69
5236,5,267,nan,nan,69
5236,5,223,nan,nan,69
5236,6,230,nan,nan,69
5236,6,659,nan,nan,69
5236,6,547,nan,nan,69
5236,6,10,nan,nan,69
5236,6,129,nan,nan,69
5236,6,160,nan,nan,69
5236,6,692,nan,nan,69
5236,6,695,nan,nan,69
5236,6,20,nan,nan,69
5236,6,406,nan,nan,69
5236,7,28,nan,nan,69
5236,7,64,nan,nan,69
5236,7,651,nan,nan,69
5236,7,143,nan,nan,69
5236,7,293,nan,nan,69
5236,7,186,nan,nan,69
5236,7,395,nan,nan,69
5236,7,454,nan,nan,69
5236,7,58,nan,nan,69
5236,7,298,nan,nan,69
5236,7,93,nan,nan,69
5236,7,159,nan,nan,69
5236,7,160,nan,nan,69
5236,7,535,nan,nan,69
5236,8,4,nan,nan,69
5236,8,615,nan,nan,69
5236,8,325,nan,nan,69
5236,8,506,nan,nan,69
5236,8,18,nan,nan,69
5236,8,226,nan,nan,69
5236,8,259,nan,nan,69
5236,8,494,nan,nan,69
5236,8,538,nan,nan,69
5236,8,238,nan,nan,69
5236,8,590,nan,nan,69
5236,8,127,nan,nan,69
5236,8,213,nan,nan,69
5236,10,519,nan,nan,69
5236,10,67,nan,nan,69
5236,10,413,nan,nan,69
5236,10,486,nan,nan,69
5236,10,388,nan,nan,69
5236,10,67,nan,nan,69
5236,10,384,nan,nan,69
5236,10,114,nan,nan,69
5236,10,413,nan,nan,69
5236,10,158,nan,nan,69
5236,11,301,nan,nan,69
5236,11,36,2,0.1,69
5236,11,332,nan,nan,69
5236,11,543,nan,nan,69
5236,11,83,nan,nan,69
5236,11,495,nan,nan,69
5236,11,562,nan,nan,69
5236,11,69,nan,nan,69
5236,11,340,nan,nan,69
5236,11,468,nan,nan,69
5236,11,222,nan,nan,69
5236,11,62,nan,nan,69
5236,11,67,nan,nan,69
5236,11,371,nan,nan,69
5236,14,83,nan,nan,69
5236,14,324,nan,nan,69
5236,14,670,nan,nan,69
5236,14,72,nan,nan,69
5236,14,392,nan,nan,69
5236,14,227,nan,nan,69
5236,14,350,nan,nan,69
5236,14,446,nan,nan,69
5236,14,241,nan,nan,69
5236,14,665,nan,nan,69
5236,14,550,nan,nan,69
5236,14,542,nan,nan,69
5236,18,161,nan,nan,69
5236,18,347,nan,nan,69
5236,18,395,nan,nan,69
5236,18,692,nan,nan,69
5236,18,697,nan,nan,69
5236,18,672,nan,nan,69
5236,18,183,nan,nan,69
5236,18,106,nan,nan,69
5236,18,610,nan,nan,69
5236,18,622,nan,nan,69
5236,18,542,nan,nan,69
5236,18,523,nan,nan,69
5236,18,36,nan,nan,69
5236,18,472,nan,nan,69
5236,18,352,nan,nan,69
5236,18,442,nan,nan,69
5236,18,459,nan,nan,69
5236,18,527,nan,nan,69
5236,18,25,nan,nan,69
5236,18,678,nan,nan,69
5236,18,93,nan,nan,69
5236,19,689,nan,nan,69
5236,19,488,nan,nan,69
5236,19,572,nan,nan,69
5236,19,301,nan,nan,69
5236,19,361,nan,nan,69
5236,19,635,nan,nan,69
5236,19,525,nan,nan,69
5236,19,581,nan,nan,69
5236,19,283,nan,nan,69
5236,20,371,nan,nan,69
5236,20,598,nan,nan,69
5236,20,417,nan,nan,69
5236,20,598,nan,nan,69
5236,20,313,nan,nan,69
5236,20,340,nan,nan,69
5236,20,558,nan,nan,69
5236,20,140,nan,nan,69
5236,20,12,nan,nan,69
5236,20,171,nan,nan,69
5236,20,176,nan,nan,69
5236,20,389,nan,nan,69
5236,20,495,nan,nan,69
5236,20,9,nan,nan,69
5236,20,531,nan,nan,69
5236,20,97,nan,nan,69
5236,20,245,nan,nan,69
5236,21,551,nan,nan,69
5236,21,199,nan,nan,69
5236,21,277,nan,nan,69
5236,21,197,nan,nan,69
5236,21,126,nan,nan,69
5236,21,688,nan,nan,69
5236,21,654,nan,nan,69
5236,21,391,nan,nan,69
5236,21,419,nan,nan,69
5236,21,374,nan,nan,69
5236,23,138,nan,nan,69
5236,23,635,nan,nan,69
5236,23,372,nan,nan,69
5236,23,692,nan,nan,69
5236,23,555,nan,nan,69
5236,23,316,nan,nan,69
5236,23,331,nan,nan,69
5236,23,442,nan,nan,69
5236,26,464,nan,nan,69
5236,26,57,nan,nan,69
5236,26,396,nan,nan,69
5236,26,442,nan,nan,69
5236,26,627,nan,nan,69
5236,26,87,nan,nan,69
5236,26,14,nan,nan,69
5236,26,680,nan,nan,69
5236,26,166,nan,nan,69
5236,26,323,nan,nan,69
5236,27,268,nan,nan,69
5236,27,391,nan,nan,69
5236,27,241,nan,nan,69
5236,27,655,nan,nan,69
5236,27,364,nan,nan,69
5236,27,137,nan,nan,69
5236,27,483,nan,nan,69
5236,27,560,nan,nan,69
5236,29,230,nan,nan,69
5236,29,64,nan,nan,69
5236,29,350,nan,nan,69
5236,29,269,nan,nan,69
5236,29,402,nan,nan,69
5236,29,237,nan,nan,69
5236,29,396,nan,nan,69
5236,29,57,nan,nan,69
5236,29,638,nan,nan,69
5236,29,275,nan,nan,69
5236,30,268,nan,nan,69
5236,30,331,nan,nan,69
5236,30,317,nan,nan,69
5236,30,161,nan,nan,69
5236,30,605,nan,nan,69
5236,30,159,nan,nan,69
5236,30,506,nan,nan,69
5236,30,643,nan,nan,69
5236,30,430,nan,nan,69
5236,30,604,nan,nan,69
5236,30,681,nan,nan,69
5236,30,202,nan,nan,69
5236,30,671,nan,nan,69
5236,30,195,nan,nan,69
5236,30,64,nan,nan,69
5236,30,255,nan,nan,69
5236,30,653,nan,nan,69
5236,30,457,nan,nan,69
5236,30,635,nan,nan,69
5236,31,123,nan,nan,69
5236,31,117,nan,nan,69
5236,31,209,nan,nan,69
5236,31,569,nan,nan,69
5236,31,570,nan,nan,69
5236,31,227,nan,nan,69
5236,31,643,nan,nan,69
5236,31,138,nan,nan,69
5236,31,113,nan,nan,69
5236,31,65,nan,nan,69
5236,31,361,nan,nan,69
5236,31,666,nan,nan,69
5236,31,36,nan,nan,69
5236,31,685,nan,nan,69
5236,34,448,nan,nan,69
5236,34,514,nan,nan,69
5236,34,650,nan,nan,69
5236,34,490,nan,nan,69
5236,34,263,nan,nan,69
5236,34,527,nan,nan,69
5236,34,571,nan,nan,69
5236,34,164,nan,nan,69
5236,34,168,nan,nan,69
5236,34,444,nan,nan,69
5236,35,456,nan,nan,69
5236,35,126,nan,nan,69
5236,35,485,nan,nan,69
5236,35,110,nan,nan,69
5236,35,472,nan,nan,69
5236,35,428,nan,nan,69
5236,35,194,nan,nan,69
5236,35,334,nan,nan,69
5236,36,163,nan,nan,69
5236,36,422,nan,nan,69
5236,36,90,nan,nan,69
5236,36,428,nan,nan,69
5236,36,603,nan,nan,69
5236,36,79,nan,nan,69
5236,36,84,nan,nan,69
5236,36,179,nan,nan,69
5236,36,525,nan,nan,69
5236,36,311,nan,nan,69
5236,36,267,nan,nan,69
5236,36,252,nan,nan,69
5236,36,59,nan,nan,69
5236,36,471,nan,nan,69
5236,36,248,nan,nan,69
5236,37,306,nan,nan,69
5236,37,109,nan,nan,69
5236,37,641,nan,nan,69
5236,37,660,nan,nan,69
5236,37,172,nan,nan,69
5236,37,264,nan,nan,69
5236,37,444,nan,nan,69
5236,37,562,nan,nan,69
5236,37,177,nan,nan,69
5236,38,214,nan,nan,69
5236,38,405,nan,nan,69
5236,38,76,nan,nan,69
5236,38,216,nan,nan,69
5236,38,255,nan,nan,69
5236,38,604,nan,nan,69
5236,38,271,nan,nan,69
5236,38,365,nan,nan,69
5236,38,343,nan,nan,69
5236,38,363,nan,nan,69
5236,38,524,nan,nan,69
5236,38,678,nan,nan,69
5236,39,353,nan,nan,69
5236,39,488,nan,nan,69
5236,39,157,nan,nan,69
5236,39,108,nan,nan,69
5236,39,296,nan,nan,69
5236,39,546,nan,nan,69
5236,39,619,nan,nan,69
5236,39,267,nan,nan,69
5236,39,460,nan,nan,69
5236,39,214,nan,nan,69
5236,39,695,nan,nan,69
5236,39,389,nan,nan,69
5236,39,338,nan,nan,69
5236,39,460,nan,nan,69
5236,40,161,nan,nan,69
5236,40,141,nan,nan,69
5236,40,77,nan,nan,69
5236,40,20,nan,nan,69
5236,40,69,nan,nan,69
5236,40,543,nan,nan,69
5236,40,510,nan,nan,69
5236,40,193,nan,nan,69
5236,40,154,nan,nan,69
5236,40,445,nan,nan,69
5236,40,138,nan,nan,69
5236,40,689,nan,nan,69
5236,40,388,nan,nan,69
5236,40,190,nan,nan,69
5236,40,493,nan,nan,69
5236,40,460,nan,nan,69
5236,41,647,nan,nan,69
5236,41,19,nan,nan,69
5236,41,410,nan,nan,69
5236,41,221,nan,nan,69
5236,41,0,nan,nan,69
5236,41,150,nan,nan,69
5236,41,24,nan,nan,69
5236,41,491,nan,nan,69
5236,41,460,nan,nan,69
5236,41,515,nan,nan,69
5236,41,488,nan,nan,69
5236,42,136,nan,nan,69
5236,42,687,nan,nan,69
5236,42,532,nan,nan,69
5236,42,90,nan,nan,69
5236,42,205,nan,nan,69
5236,42,454,nan,nan,69
5236,42,528,nan,nan,69
5236,42,382,nan,nan,69
5236,42,107,2,0.1,69
5236,42,552,nan,nan,69
5236,43,552,nan,nan,69
5236,43,357,nan,nan,69
5236,43,67,nan,nan,69
5236,43,602,nan,nan,69
5236,43,241,nan,nan,69
5236,43,92,nan,nan,69
5236,43,428,nan,nan,69
5236,43,279,nan,nan,69
5236,44,113,nan,nan,69
5236,44,473,nan,nan,69
5236,44,602,nan,nan,69
5236,44,486,nan,nan,69
5236,44,432,nan,nan,69
5236,44,298,nan,nan,69
5236,44,556,nan,nan,69
5236,44,688,nan,nan,69
5236,46,44,nan,nan,69
5236,46,117,nan,nan,69
5236,46,174,nan,nan,69
5236,46,261,nan,nan,69
5236,46,94,nan,nan,69
5236,46,196,nan,nan,69
5236,46,234,nan,nan,69
5236,46,389,nan,nan,69
5236,46,346,nan,nan,69
5236,46,445,nan,nan,69
5236,46,88,nan,nan,69
5236,46,124,nan,nan,69
5236,46,48,nan,nan,69
5236,46,507,nan,nan,69
5236,46,477,nan,nan,69
5236,46,130,nan,nan,69
5236,46,333,nan,nan,69
5236,46,218,nan,nan,69
5236,53,632,nan,nan,69
5236,53,294,nan,nan,69
5236,53,612,nan,nan,69
5236,53,648,nan,nan,69
5236,53,621,nan,nan,69
5236,53,293,nan,nan,69
5236,53,595,nan,nan,69
5236,53,167,nan,nan,69
5236,53,398,nan,nan,69
5236,53,302,nan,nan,69
5236,53,623,nan,nan,69
5236,53,254,nan,nan,69
5236,53,543,nan,nan,69
5236,56,660,nan,nan,69
5236,56,575,nan,nan,69
5236,56,174,nan,nan,69
5236,56,659,nan,nan,69
5236,56,30,nan,nan,69
5236,56,461,nan,nan,69
5236,56,670,nan,nan,69
5236,56,423,nan,nan,69
5236,56,608,nan,nan,69
5236,61,285,nan,nan,69
5236,61,164,nan,nan,69
5236,61,418,nan,nan,69
5236,61,587,nan,nan,69
5236,61,587,nan,nan,69
5236,61,587,nan,nan,69
5236,61,505,nan,nan,69
5236,61,658,nan,nan,69
5236,61,376,nan,nan,69
5236,61,560,nan,nan,69
5236,61,255,nan,nan,69
5236,61,420,nan,nan,69
5236,61,216,nan,nan,69
5236,62,457,nan,nan,69
5236,62,315,nan,nan,69
5236,62,546,nan,nan,69
5236,62,133,nan,nan,69
5236,62,530,nan,nan,69
5236,62,224,nan,nan,69
5236,63,143,nan,nan,69
5236,63,546,nan,nan,69
5236,63,615,nan,nan,69
5236,63,467,nan,nan,69
5236,63,191,nan,nan,69
5236,63,176,nan,nan,69
5236,63,145,nan,nan,69
5236,63,467,nan,nan,69
5236,63,361,nan,nan,69
5236,66,606,nan,nan,69
5236,66,126,nan,nan,69
5236,66,688,nan,nan,69
5236,66,45,nan,nan,69
5236,66,275,nan,nan,69
5236,66,477,nan,nan,69
5236,66,168,nan,nan,69
5236,66,172,nan,nan,69
5236,66,387,nan,nan,69
5236,67,132,nan,nan,69
5236,67,152,nan,nan,69
5236,67,665,nan,nan,69
5236,67,527,nan,nan,69
5236,67,670,nan,nan,69
5236,67,593,nan,nan,69
5236,67,490,nan,nan,69
5236,67,371,nan,nan,69
5236,67,586,nan,nan,69
5236,67,565,nan,nan,69
5236,67,144,nan,nan,69
5236,67,649,nan,nan,69
5236,68,685,nan,nan,69
5236,68,206,nan,nan,69
5236,68,496,nan,nan,69
5236,68,469,nan,nan,69
5236,68,613,nan,nan,69
5236,68,430,nan,nan,69
5236,68,60,nan,nan,69
5236,74,656,nan,nan,69
5236,74,577,nan,nan,69
5236,74,682,nan,nan,69
5236,74,612,nan,nan,69
5236,74,457,nan,nan,69
5236,74,264,nan,nan,69
5236,74,199,nan,nan,69
5236,74,220,nan,nan,69
5236,74,457,nan,nan,69
5236,74,429,nan,nan,69
5236,74,689,nan,nan,69
5236,74,318,nan,nan,69
5236,75,76,nan,nan,69
5236,75,261,nan,nan,69
5236,75,588,nan,nan,69
5236,75,551,nan,nan,69
5236,75,165,nan,nan,69
5236,75,412,nan,nan,69
5236,78,34,nan,nan,69
5236,78,299,nan,nan,69
5236,78,453,nan,nan,69
5236,78,96,nan,nan,69
5236,78,508,nan,nan,69
5236,78,231,nan,nan,69
5236,78,70,nan,nan,69
5236,78,166,nan,nan,69
5236,78,135,nan,nan,69
5236,79,362,nan,nan,69
5236,79,506,nan,nan,69
5236,79,529,nan,nan,69
5236,79,99,nan,nan,69
5236,79,131,nan,nan,69
5236,79,95,nan,nan,69
5236,79,144,nan,nan,69
5236,79,3,nan,nan,69
5236,79,680,nan,nan,69
5236,79,484,nan,nan,69
5236,79,383,nan,nan,69
5236,79,336,nan,nan,69
5236,79,117,nan,nan,69
5236,79,548,nan,nan,69
5236,79,237,nan,nan,69
5236,79,235,nan,nan,69
5236,79,161,nan,nan,69
5236,79,327,nan,nan,69
5236,79,571,nan,nan,69
5236,83,423,nan,nan,69
5236,83,511,nan,nan,69
5236,83,31,nan,nan,69
5236,83,649,nan,nan,69
5236,83,317,nan,nan,69
5236,83,58,nan,nan,69
5236,83,242,nan,nan,69
5236,83,663,nan,nan,69
5236,83,639,nan,nan,69
5236,83,457,nan,nan,69
5236,83,509,nan,nan,69
5236,83,268,nan,nan,69
5236,83,439,nan,nan,69
5236,84,102,nan,nan,69
5236,84,609,nan,nan,69
5236,84,330,nan,nan,69
5236,84,527,nan,nan,69
5236,84,386,nan,nan,69
5236,84,509,nan,nan,69
5236,84,535,nan,nan,69
5236,84,624,nan,nan,69
5236,84,194,nan,nan,69
5236,84,663,nan,nan,69
5236,84,59,nan,nan,69
5236,84,268,nan,nan,69
5236,84,84,nan,nan,69
5236,84,517,nan,nan,69
5236,85,536,nan,nan,69
5236,85,606,nan,nan,69
5236,85,678,nan,nan,69
5236,85,543,nan,nan,69
5236,85,84,nan,nan,69
5236,85,658,nan,nan,69
5236,85,509,nan,nan,69
5236,85,253,nan,nan,69
5236,85,525,nan,nan,69
5236,85,26,nan,nan,69
5236,88,493,nan,nan,69
5236,88,356,nan,nan,69
5236,88,663,nan,nan,69
5236,88,133,nan,nan,69
5236,88,683,nan,nan,69
5236,88,267,nan,nan,69
5236,88,278,nan,nan,69
5236,88,256,nan,nan,69
5236,88,468,nan,nan,69
5236,90,193,nan,nan,69
5236,90,353,nan,nan,69
5236,90,473,nan,nan,69
5236,90,28,nan,nan,69
5236,90,431,nan,nan,69
5236,90,439,nan,nan,69
5236,90,628,nan,nan,69
5236,90,589,nan,nan,69
5236,90,380,nan,nan,69
5236,90,366,nan,nan,69
5236,90,406,nan,nan,69
5236,90,206,nan,nan,69
5236,90,233,nan,nan,69
5236,97,105,nan,nan,69
5236,97,496,nan,nan,69
5236,97,331,nan,nan,69
5236,97,287,nan,nan,69
5236,97,479,nan,nan,69
5236,97,301,nan,nan,69
5236,97,417,nan,nan,69
5236,97,565,nan,nan,69
5236,97,662,nan,nan,69
5236,97,368,nan,nan,69
5236,97,7,nan,nan,69
5236,97,473,nan,nan,69
5236,98,538,nan,nan,69
5236,98,295,nan,nan,69
5236,98,345,nan,nan,69
5236,98,357,nan,nan,69
5236,98,434,nan,nan,69
5236,98,287,nan,nan,69
5236,98,674,nan,nan,69
5236,98,627,nan,nan,69
5236,98,118,nan,nan,69
5236,98,192,nan,nan,69
5236,98,76,nan,nan,69
5236,98,378,nan,nan,69
5236,98,556,nan,nan,69
5236,98,572,nan,nan,69
5236,104,692,nan,nan,69
5236,104,426,nan,nan,69
5236,104,471,nan,nan,69
5236,104,695,nan,nan,69
5236,104,671,nan,nan,69
5236,104,636,nan,nan,69
5236,104,97,nan,nan,69
5236,104,383,nan,nan,69
5236,104,336,nan,nan,69
5236,104,333,nan,nan,69
5236,104,394,nan,nan,69
5236,104,577,nan,nan,69
5236,104,204,nan,nan,69
5236,107,495,nan,nan,69
5236,107,559,nan,nan,69
5236,107,499,nan,nan,69
5236,107,293,nan,nan,69
5236,107,632,nan,nan,69
5236,107,621,nan,nan,69
5236,107,666,nan,nan,69
5236,107,293,nan,nan,69
5236,107,345,nan,nan,69
5236,107,31,nan,nan,69
5236,107,208,nan,nan,69
5236,107,601,nan,nan,69
5236,107,688,nan,nan,69
5236,107,496,nan,nan,69
5236,107,442,nan,nan,69
5236,108,141,nan,nan,69
5236,108,255,nan,nan,69
5236,108,462,nan,nan,69
5236,108,561,nan,nan,69
5236,108,321,nan,nan,69
5236,108,490,nan,nan,69
5236,108,381,nan,nan,69
5236,108,601,nan,nan,69
5236,108,695,nan,nan,69
5236,108,584,nan,nan,69
5236,108,322,nan,nan,69
5236,108,405,nan,nan,69
5236,108,623,nan,nan,69
5236,108,215,nan,nan,69
5236,110,215,nan,nan,69
5236,110,623,nan,nan,69
5236,110,468,nan,nan,69
5236,110,67,nan,nan,69
5236,110,92,nan,nan,69
5236,110,511,nan,nan,69
5236,110,594,nan,nan,69
5236,110,601,nan,nan,69
5236,110,579,nan,nan,69
5236,110,238,nan,nan,69
5236,110,578,nan,nan,69
5236,110,314,nan,nan,69
5236,112,657,nan,nan,69
5236,112,203,nan,nan,69
5236,112,181,nan,nan,69
5236,112,18,nan,nan,69
5236,112,625,nan,nan,69
5236,112,408,nan,nan,69
5236,112,621,nan,nan,69
5236,112,376,nan,nan,69
5236,112,545,nan,nan,69
5236,115,197,nan,nan,69
5236,115,367,nan,nan,69
5236,115,430,nan,nan,69
5236,115,358,nan,nan,69
5236,115,400,nan,nan,69
5236,115,650,nan,nan,69
5236,115,321,nan,nan,69
5236,115,281,nan,nan,69
5236,115,282,nan,nan,69
5236,115,30,nan,nan,69
5236,115,457,nan,nan,69
5236,115,363,nan,nan,69
5236,115,562,nan,nan,69
5236,115,400,nan,nan,69
5236,117,688,nan,nan,69
5236,117,16,nan,nan,69
5236,117,373,nan,nan,69
5236,117,240,nan,nan,69
5236,117,572,nan,nan,69
5236,117,2,nan,nan,69
5236,117,380,nan,nan,69
5236,117,483,nan,nan,69
5236,117,376,nan,nan,69
5236,117,132,nan,nan,69
5236,117,642,nan,nan,69
5236,117,35,nan,nan,69
5236,117,174,nan,nan,69
5236,117,122,nan,nan,69
5236,117,106,nan,nan,69
5236,118,545,nan,nan,69
5236,118,577,nan,nan,69
5236,118,116,nan,nan,69
5236,118,664,nan,nan,69
5236,118,637,nan,nan,69
5236,118,247,nan,nan,69
5236,118,46,nan,nan,69
5236,118,686,nan,nan,69
5236,118,126,nan,nan,69
5236,118,232,nan,nan,69
5236,118,255,nan,nan,69
5236,118,83,nan,nan,69
5236,118,693,nan,nan,69
5236,119,191,nan,nan,69
5236,119,665,nan,nan,69
5236,119,393,nan,nan,69
5236,119,558,nan,nan,69
5236,119,665,nan,nan,69
5236,119,116,nan,nan,69
5236,119,589,nan,nan,69
5236,119,512,nan,nan,69
5236,119,302,nan,nan,69
5236,119,270,nan,nan,69
5236,123,300,nan,nan,69
5236,123,40,nan,nan,69
5236,123,268,nan,nan,69
5236,123,598,nan,nan,69
5236,123,572,nan,nan,69
5236,123,426,nan,nan,69
5236,123,285,nan,nan,69
5236,123,584,nan,nan,69
5236,123,287,nan,nan,69
5236,123,433,nan,nan,69
5236,124,53,nan,nan,69
5236,124,405,nan,nan,69
5236,124,472,nan,nan,69
5236,124,619,nan,nan,69
5236,124,349,nan,nan,69
5236,124,69,nan,nan,69
5236,124,417,nan,nan,69
5236,126,361,nan,nan,69
5236,126,358,nan,nan,69
5236,126,537,nan,nan,69
5236,126,405,nan,nan,69
5236,126,131,nan,nan,69
5236,126,302,nan,nan,69
5236,126,104,nan,nan,69
5236,126,656,nan,nan,69
5236,126,528,nan,nan,69
5236,126,466,nan,nan,69
5236,129,172,nan,nan,69
5236,129,26,nan,nan,69
5236,129,372,nan,nan,69
5236,129,9,nan,nan,69
5236,129,526,nan,nan,69
5236,129,233,nan,nan,69
5236,129,588,nan,nan,69
5236,129,8,nan,nan,69
5236,129,165,nan,nan,69
5236,129,122,nan,nan,69
5236,129,577,nan,nan,69
5236,129,264,nan,nan,69
5236,130,182,nan,nan,69
5236,130,414,nan,nan,69
5236,130,117,nan,nan,69
5236,130,441,nan,nan,69
5236,130,362,nan,nan,69
5236,130,237,nan,nan,69
5236,130,228,nan,nan,69
5236,130,95,nan,nan,69
5236,130,339,nan,nan,69
5236,130,79,nan,nan,69
5236,130,339,nan,nan,69
5236,130,287,nan,nan,69
5236,130,127,nan,nan,69
5236,130,58,nan,nan,69
5236,130,251,nan,nan,69
5236,130,374,nan,nan,69
5236,133,327,nan,nan,69
5236,133,613,nan,nan,69
5236,133,653,nan,nan,69
5236,133,430,nan,nan,69
5236,133,431,nan,nan,69
5236,133,436,nan,nan,69
5236,138,436,nan,nan,69
5236,138,688,nan,nan,69
5236,138,189,nan,nan,69
5236,138,623,nan,nan,69
5236,138,349,nan,nan,69
5236,138,31,nan,nan,69
5236,138,402,nan,nan,69
5236,138,404,nan,nan,69
5236,138,472,nan,nan,69
5236,142,267,nan,nan,69
5236,142,673,nan,nan,69
5236,142,408,nan,nan,69
5236,142,232,nan,nan,69
5236,142,551,nan,nan,69
5236,142,500,nan,nan,69
5236,143,479,nan,nan,69
5236,143,355,nan,nan,69
5236,143,439,nan,nan,69
5236,143,363,nan,nan,69
5236,143,128,nan,nan,69
5236,143,99,nan,nan,69
5236,143,25,nan,nan,69
5236,143,354,nan,nan,69
5236,143,641,nan,nan,69
5236,143,69,nan,nan,69
5236,143,214,nan,nan,69
5236,143,504,nan,nan,69
5236,145,684,nan,nan,69
5236,145,61,nan,nan,69
5236,145,257,nan,nan,69
5236,145,47,nan,nan,69
5236,145,555,nan,nan,69
5236,145,629,nan,nan,69
5236,145,583,nan,nan,69
5236,145,205,nan,nan,69
5236,147,288,nan,nan,69
5236,147,502,nan,nan,69
5236,147,407,nan,nan,69
5236,147,478,nan,nan,69
5236,147,684,nan,nan,69
5236,147,26,nan,nan,69
5236,147,132,nan,nan,69
5236,147,99,nan,nan,69
5236,147,118,nan,nan,69
5236,147,265,nan,nan,69
5236,147,346,nan,nan,69
5236,147,555,nan,nan,69
5236,147,47,nan,nan,69
5236,147,26,nan,nan,69
5236,148,383,nan,nan,69
5236,148,581,nan,nan,69
5236,148,176,nan,nan,69
5236,148,357,nan,nan,69
5236,148,547,nan,nan,69
5236,148,382,nan,nan,69
5236,148,196,nan,nan,69
5236,148,246,nan,nan,69
5236,148,518,nan,nan,69
5236,148,442,nan,nan,69
5236,148,522,nan,nan,69
5236,148,345,nan,nan,69
5236,148,122,nan,nan,69
5236,150,608,nan,nan,69
5236,150,134,nan,nan,69
5236,150,152,nan,nan,69
5236,150,581,nan,nan,69
5236,150,555,nan,nan,69
5236,150,445,nan,nan,69
5236,150,286,nan,nan,69
5236,151,598,nan,nan,69
5236,151,467,nan,nan,69
5236,151,394,nan,nan,69
5236,151,346,nan,nan,69
5236,151,329,nan,nan,69
5236,151,628,nan,nan,69
5236,151,360,nan,nan,69
5236,151,501,nan,nan,69
5236,151,11,nan,nan,69
5236,151,112,nan,nan,69
5236,151,442,nan,nan,69
5236,151,658,nan,nan,69
5236,152,357,nan,nan,69
5236,152,556,nan,nan,69
5236,152,53,nan,nan,69
5236,152,528,nan,nan,69
5236,152,60,nan,nan,69
5236,152,444,nan,nan,69
5236,152,46,nan,nan,69
5236,152,128,nan,nan,69
5236,152,445,nan,nan,69
5236,152,404,nan,nan,69
5236,152,196,nan,nan,69
5236,152,616,nan,nan,69
5236,152,94,nan,nan,69
5236,152,247,nan,nan,69
5236,152,493,nan,nan,69
5236,155,140,nan,nan,69
5236,155,161,nan,nan,69
5236,155,249,nan,nan,69
5236,155,475,nan,nan,69
5236,155,177,nan,nan,69
5236,155,524,nan,nan,69
5236,155,194,nan,nan,69
5236,155,160,nan,nan,69
5237,0,531,nan,nan,80
5237,0,337,nan,nan,80
5237,0,430,nan,nan,80
5237,0,393,nan,nan,80
5237,0,237,nan,nan,80
5237,0,612,nan,nan,80
5237,0,568,nan,nan,80
5237,2,503,nan,nan,80
5237,2,410,nan,nan,80
5237,2,399,nan,nan,80
5237,2,619,nan,nan,80
5237,2,19,nan,nan,80
5237,2,201,nan,nan,80
5237,2,677,nan,nan,80
5237,2,159,nan,nan,80
5237,2,322,nan,nan,80
5237,2,583,nan,nan,80
5237,2,595,nan,nan,80
5237,5,201,nan,nan,80
5237,5,519,nan,nan,80
5237,5,664,nan,nan,80
5237,5,392,nan,nan,80
5237,5,122,nan,nan,80
5237,5,293,nan,nan,80
5237,5,240,nan,nan,80
5237,5,175,nan,nan,80
5237,5,30,nan,nan,80
5237,6,122,nan,nan,80
5237,6,426,nan,nan,80
5237,6,356,nan,nan,80
5237,6,435,nan,nan,80
5237,6,688,nan,nan,80
5237,6,177,nan,nan,80
5237,6,686,nan,nan,80
5237,6,71,nan,nan,80
5237,6,560,nan,nan,80
5237,6,52,nan,nan,80
5237,6,392,nan,nan,80
5237,6,683,nan,nan,80
5237,6,613,nan,nan,80
5237,6,413,nan,nan,80
5237,6,218,nan,nan,80
5237,6,458,nan,nan,80
5237,6,623,nan,nan,80
5237,7,444,nan,nan,80
5237,7,559,nan,nan,80
5237,7,529,nan,nan,80
5237,7,4,nan,nan,80
5237,7,361,nan,nan,80
5237,7,671,nan,nan,80
5237,7,51,nan,nan,80
5237,7,154,nan,nan,80
5237,7,671,nan,nan,80
5237,7,435,nan,nan,80
5237,7,110,nan,nan,80
5237,8,587,nan,nan,80
5237,8,296,nan,nan,80
5237,8,61,nan,nan,80
5237,8,341,nan,nan,80
5237,8,181,nan,nan,80
5237,9,46,nan,nan,80
5237,9,499,nan,nan,80
5237,9,6,nan,nan,80
5237,9,60,nan,nan,80
5237,9,470,nan,nan,80
5237,9,695,nan,nan,80
5237,9,539,nan,nan,80
5237,9,246,nan,nan,80
5237,9,595,nan,nan,80
5237,9,479,nan,nan,80
5237,9,581,nan,nan,80
5237,9,437,nan,nan,80
5237,9,395,nan,nan,80
5237,9,452,nan,nan,80
5237,9,550,nan,nan,80
5237,9,293,nan,nan,80
5237,20,130,nan,nan,80
5237,20,9,nan,nan,80
5237,20,598,nan,nan,80
5237,20,551,nan,nan,80
5237,20,525,nan,nan,80
5237,20,542,nan,nan,80
5237,20,223,nan,nan,80
5237,20,232,nan,nan,80
5237,20,276,nan,nan,80
5237,20,509,nan,nan,80
5237,21,478,nan,nan,80
5237,21,299,nan,nan,80
5237,21,444,nan,nan,80
5237,21,237,nan,nan,80
5237,21,313,nan,nan,80
5237,21,530,nan,nan,80
5237,21,85,nan,nan,80
5237,21,294,nan,nan,80
5237,21,214,nan,nan,80
5237,21,697,nan,nan,80
5237,21,480,nan,nan,80
5237,21,96,nan,nan,80
5237,21,172,nan,nan,80
5237,21,313,nan,nan,80
5237,21,251,nan,nan,80
5237,21,433,nan,nan,80
5237,21,85,nan,nan,80
5237,21,377,nan,nan,80
5237,22,239,nan,nan,80
5237,22,684,nan,nan,80
5237,22,233,nan,nan,80
5237,22,1,nan,nan,80
5237,22,263,nan,nan,80
5237,22,523,nan,nan,80
5237,22,194,nan,nan,80
5237,22,9,nan,nan,80
5237,22,331,nan,nan,80
5237,22,408,nan,nan,80
5237,22,377,nan,nan,80
5237,22,313,nan,nan,80
5237,24,161,nan,nan,80
5237,24,58,nan,nan,80
5237,24,449,nan,nan,80
5237,24,165,nan,nan,80
5237,24,413,nan,nan,80
5237,24,29,nan,nan,80
5237,24,329,nan,nan,80
5237,24,233,nan,nan,80
5237,24,416,nan,nan,80
5237,24,231,nan,nan,80
5237,24,389,nan,nan,80
5237,24,199,nan,nan,80
5237,24,365,nan,nan,80
5237,25,516,nan,nan,80
5237,25,640,nan,nan,80
5237,25,3,nan,nan,80
5237,25,70,nan,nan,80
5237,25,416,nan,nan,80
5237,25,379,nan,nan,80
5237,25,268,nan,nan,80
5237,25,444,nan,nan,80
5237,25,340,nan,nan,80
5237,25,456,nan,nan,80
5237,25,361,nan,nan,80
5237,25,71,nan,nan,80
5237,28,609,nan,nan,80
5237,28,52,nan,nan,80
5237,28,602,nan,nan,80
5237,28,243,nan,nan,80
5237,28,527,nan,nan,80
5237,28,590,nan,nan,80
5237,28,241,nan,nan,80
5237,28,102,nan,nan,80
5237,28,366,nan,nan,80
5237,29,289,nan,nan,80
5237,29,416,nan,nan,80
5237,29,228,nan,nan,80
5237,29,622,nan,nan,80
5237,29,384,nan,nan,80
5237,29,241,nan,nan,80
5237,29,248,nan,nan,80
5237,29,253,nan,nan,80
5237,29,656,nan,nan,80
5237,29,15,nan,nan,80
5237,29,614,nan,nan,80
5237,29,234,nan,nan,80
5237,29,616,nan,nan,80
5237,33,50,nan,nan,80
5237,33,163,nan,nan,80
5237,33,623,nan,nan,80
5237,33,439,nan,nan,80
5237,33,432,nan,nan,80
5237,33,284,nan,nan,80
5237,33,295,nan,nan,80
5237,33,558,nan,nan,80
5237,33,141,nan,nan,80
5237,33,33,nan,nan,80
5237,33,639,nan,nan,80
5237,33,203,nan,nan,80
5237,33,613,nan,nan,80
5237,33,492,nan,nan,80
5237,33,385,nan,nan,80
5237,33,406,nan,nan,80
5237,35,423,nan,nan,80
5237,35,481,nan,nan,80
5237,35,304,nan,nan,80
5237,35,379,nan,nan,80
5237,35,49,nan,nan,80
5237,35,231,nan,nan,80
5237,35,678,nan,nan,80
5237,35,188,nan,nan,80
5237,36,521,nan,nan,80
5237,36,292,nan,nan,80
5237,36,201,nan,nan,80
5237,36,678,nan,nan,80
5237,36,589,nan,nan,80
5237,36,356,nan,nan,80
5237,36,493,nan,nan,80
5237,36,107,nan,nan,80
5237,36,283,nan,nan,80
5237,36,414,nan,nan,80
5237,36,6,nan,nan,80
5237,36,49,nan,nan,80
5237,39,342,nan,nan,80
5237,39,287,2,0.1,80
5237,39,99,nan,nan,80
5237,39,188,nan,nan,80
5237,39,154,nan,nan,80
5237,39,661,nan,nan,80
5237,39,120,nan,nan,80
5237,39,583,nan,nan,80
5237,39,636,nan,nan,80
5237,47,494,nan,nan,80
5237,47,347,nan,nan,80
5237,47,295,nan,nan,80
5237,47,177,nan,nan,80
5237,47,680,nan,nan,80
5237,47,212,nan,nan,80
5237,47,357,nan,nan,80
5237,47,564,nan,nan,80
5237,47,692,nan,nan,80
5237,47,58,nan,nan,80
5237,47,473,nan,nan,80
5237,47,264,nan,nan,80
5237,48,394,nan,nan,80
5237,48,653,nan,nan,80
5237,48,678,nan,nan,80
5237,48,692,nan,nan,80
5237,48,269,nan,nan,80
5237,48,480,nan,nan,80
5237,48,132,nan,nan,80
5237,48,159,nan,nan,80
5237,48,245,nan,nan,80
5237,48,194,nan,nan,80
5237,48,639,nan,nan,80
5237,48,277,nan,nan,80
5237,48,357,nan,nan,80
5237,48,405,nan,nan,80
5237,60,615,nan,nan,80
5237,60,529,nan,nan,80
5237,60,67,nan,nan,80
5237,60,376,nan,nan,80
5237,60,600,nan,nan,80
5237,60,61,nan,nan,80
5237,60,609,nan,nan,80
5237,60,133,nan,nan,80
5237,64,337,nan,nan,80
5237,64,545,nan,nan,80
5237,64,197,nan,nan,80
5237,64,665,nan,nan,80
5237,64,188,nan,nan,80
5237,64,2,nan,nan,80
5237,64,413,nan,nan,80
5237,64,699,nan,nan,80
5237,64,271,nan,nan,80
5237,64,229,nan,nan,80
5237,64,174,nan,nan,80
5237,64,194,nan,nan,80
5237,79,70,nan,nan,80
5237,79,680,nan,nan,80
5237,79,645,nan,nan,80
5237,79,44,nan,nan,80
5237,79,521,nan,nan,80
5237,79,303,nan,nan,80
5237,79,50,nan,nan,80
5237,79,551,nan,nan,80
5237,79,436,nan,nan,80
5237,79,416,nan,nan,80
5237,79,374,nan,nan,80
5237,79,97,nan,nan,80
5237,81,160,nan,nan,80
5237,81,267,nan,nan,80
5237,81,374,nan,nan,80
5237,81,486,nan,nan,80
5237,81,524,nan,nan,80
5237,81,629,nan,nan,80
5237,81,287,nan,nan,80
5237,81,559,nan,nan,80
5237,81,271,nan,nan,80
5237,81,142,nan,nan,80
5237,81,233,nan,nan,80
5237,81,329,nan,nan,80
5237,81,374,nan,nan,80
5237,81,96,nan,nan,80
5237,81,211,nan,nan,80
5237,81,584,nan,nan,80
5237,84,681,nan,nan,80
5237,84,209,nan,nan,80
5237,84,268,nan,nan,80
5237,84,681,nan,nan,80
5237,84,362,nan,nan,80
5237,84,70,nan,nan,80
5237,84,380,nan,nan,80
5237,87,454,nan,nan,80
5237,87,0,nan,nan,80
5237,87,273,nan,nan,80
5237,87,76,nan,nan,80
5237,87,678,nan,nan,80
5237,87,6,nan,nan,80
5237,87,6,nan,nan,80
5237,87,6,nan,nan,80
5237,87,164,nan,nan,80
5237,87,690,nan,nan,80
5237,87,641,nan,nan,80
5237,87,482,nan,nan,80
5237,87,20,nan,nan,80
5237,87,239,nan,nan,80
5237,87,472,nan,nan,80
5237,87,641,nan,nan,80
5237,87,49,nan,nan,80
5237,90,589,nan,nan,80
5237,90,671,nan,nan,80
5237,90,386,nan,nan,80
5237,90,154,nan,nan,80
5237,90,493,nan,nan,80
5237,90,155,nan,nan,80
5237,90,157,nan,nan,80
5237,91,460,nan,nan,80
5237,91,214,nan,nan,80
5237,91,229,nan,nan,80
5237,91,615,nan,nan,80
5237,91,107,nan,nan,80
5237,91,493,nan,nan,80
5237,91,35,nan,nan,80
5237,91,355,nan,nan,80
5237,91,308,nan,nan,80
5237,91,663,nan,nan,80
5237,91,294,nan,nan,80
5237,91,341,nan,nan,80
5237,91,182,nan,nan,80
5237,91,442,nan,nan,80
5237,91,304,nan,nan,80
5237,93,395,nan,nan,80
5237,93,334,nan,nan,80
5237,93,353,nan,nan,80
5237,93,154,nan,nan,80
5237,93,287,nan,nan,80
5237,93,105,nan,nan,80
5237,98,301,nan,nan,80
5237,98,684,nan,nan,80
5237,98,99,nan,nan,80
5237,98,445,nan,nan,80
5237,98,252,nan,nan,80
5237,98,85,nan,nan,80
5237,98,445,nan,nan,80
5237,98,461,nan,nan,80
5237,98,118,nan,nan,80
5237,98,206,nan,nan,80
5237,103,157,nan,nan,80
5237,103,638,nan,nan,80
5237,103,644,nan,nan,80
5237,103,430,nan,nan,80
5237,103,309,nan,nan,80
5237,103,32,nan,nan,80
5237,103,484,nan,nan,80
5237,103,179,nan,nan,80
5237,103,424,nan,nan,80
5237,103,609,nan,nan,80
5237,108,160,nan,nan,80
5237,108,393,nan,nan,80
5237,108,215,nan,nan,80
5237,108,30,nan,nan,80
5237,108,57,nan,nan,80
5237,108,477,nan,nan,80
5237,108,284,nan,nan,80
5237,108,231,nan,nan,80
5237,108,325,nan,nan,80
5237,108,281,nan,nan,80
5237,108,196,nan,nan,80
5237,108,354,nan,nan,80
5237,108,319,nan,nan,80
5237,111,116,nan,nan,80
5237,111,201,nan,nan,80
5237,111,600,nan,nan,80
5237,111,629,nan,nan,80
5237,111,568,nan,nan,80
5237,111,590,nan,nan,80
5237,111,158,nan,nan,80
5237,111,18,nan,nan,80
5237,111,540,nan,nan,80
5237,111,659,nan,nan,80
5237,111,325,nan,nan,80
5237,126,70,nan,nan,80
5237,126,487,nan,nan,80
5237,126,377,nan,nan,80
5237,126,389,nan,nan,80
5237,126,359,nan,nan,80
5237,126,405,nan,nan,80
5237,126,158,nan,nan,80
5237,126,533,nan,nan,80
5237,126,339,nan,nan,80
5237,129,337,nan,nan,80
5237,129,222,nan,nan,80
5237,129,327,nan,nan,80
5237,129,57,nan,nan,80
5237,129,491,nan,nan,80
5237,129,339,nan,nan,80
5237,129,588,nan,nan,80
5237,129,541,nan,nan,80
5237,129,669,nan,nan,80
5237,131,179,nan,nan,80
5237,131,108,nan,nan,80
5237,131,91,nan,nan,80
5237,131,70,nan,nan,80
5237,131,137,nan,nan,80
5237,131,123,nan,nan,80
5237,131,560,nan,nan,80
5237,131,640,nan,nan,80
5237,131,229,nan,nan,80
5237,131,230,nan,nan,80
5237,131,9,nan,nan,80
5237,131,98,nan,nan,80
5237,131,58,nan,nan,80
5237,131,507,nan,nan,80
5237,131,144,nan,nan,80
5237,131,95,nan,nan,80
5237,131,225,nan,nan,80
5237,134,670,nan,nan,80
5237,134,686,nan,nan,80
5237,134,231,nan,nan,80
5237,134,344,nan,nan,80
5237,134,649,nan,nan,80
5237,134,449,nan,nan,80
5237,136,613,nan,nan,80
5237,136,284,nan,nan,80
5237,136,252,nan,nan,80
5237,136,509,nan,nan,80
5237,136,539,nan,nan,80
5237,136,684,nan,nan,80
5237,136,490,nan,nan,80
5237,138,688,nan,nan,80
5237,138,304,nan,nan,80
5237,138,288,nan,nan,80
5237,138,678,nan,nan,80
5237,138,331,nan,nan,80
5237,138,290,nan,nan,80
5237,138,678,nan,nan,80
5237,138,624,nan,nan,80
5237,138,231,nan,nan,80
5237,138,44,nan,nan,80
5237,138,534,nan,nan,80
5237,138,500,nan,nan,80
5237,138,698,nan,nan,80
5237,139,681,nan,nan,80
5237,139,428,nan,nan,80
5237,139,20,nan,nan,80
5237,139,678,nan,nan,80
5237,139,66,nan,nan,80
5237,139,188,nan,nan,80
5237,139,503,nan,nan,80
5237,139,6,nan,nan,80
5237,139,257,nan,nan,80
5237,139,106,nan,nan,80
5237,140,628,nan,nan,80
5237,140,262,nan,nan,80
5237,140,430,nan,nan,80
5237,140,402,nan,nan,80
5237,140,524,nan,nan,80
5237,140,49,nan,nan,80
5237,140,339,nan,nan,80
5237,140,93,nan,nan,80
5237,140,311,nan,nan,80
5237,140,430,nan,nan,80
5237,140,61,nan,nan,80
5237,140,281,nan,nan,80
5237,141,359,nan,nan,80
5237,141,665,nan,nan,80
5237,141,84,nan,nan,80
5237,141,636,nan,nan,80
5237,141,496,nan,nan,80
5237,141,663,nan,nan,80
5237,141,162,nan,nan,80
5237,141,404,nan,nan,80
5237,141,350,nan,nan,80
5237,141,637,nan,nan,80
5237,141,613,nan,nan,80
5237,144,355,nan,nan,80
5237,144,656,nan,nan,80
5237,144,390,nan,nan,80
5237,144,154,nan,nan,80
5237,144,129,nan,nan,80
5237,144,240,nan,nan,80
5237,144,287,nan,nan,80
5237,144,6,nan,nan,80
5237,147,67,nan,nan,80
5237,147,518,nan,nan,80
5237,147,444,nan,nan,80
5237,147,156,nan,nan,80
5237,147,513,nan,nan,80
5237,147,256,nan,nan,80
5237,147,672,nan,nan,80
5237,147,17,nan,nan,80
5237,147,457,nan,nan,80
5237,147,104,nan,nan,80
5237,147,353,nan,nan,80
5237,147,303,nan,nan,80
5237,147,145,nan,nan,80
5237,150,647,nan,nan,80
5237,150,289,nan,nan,80
5237,150,394,nan,nan,80
5237,150,107,nan,nan,80
5237,150,9,nan,nan,80
5237,150,118,nan,nan,80
5237,150,394,nan,nan,80
5237,150,532,nan,nan,80
5237,150,581,nan,nan,80
5237,155,652,nan,nan,80
5237,155,142,nan,nan,80
5237,155,30,nan,nan,80
5237,155,379,nan,nan,80
5237,155,680,nan,nan,80
5237,155,333,nan,nan,80
5237,155,255,nan,nan,80
5237,155,73,nan,nan,80
5237,155,311,nan,nan,80
5237,155,331,nan,nan,80
5237,52,37,nan,nan,80
5238,1,22,nan,nan,48
5238,1,388,nan,nan,48
5238,1,134,nan,nan,48
5238,1,418,nan,nan,48
5238,1,318,nan,nan,48
5238,1,25,nan,nan,48
5238,1,93,nan,nan,48
5238,1,233,nan,nan,48
5238,4,547,nan,nan,48
5238,4,672,nan,nan,48
5238,4,426,nan,nan,48
5238,4,524,nan,nan,48
5238,4,1,nan,nan,48
5238,5,501,nan,nan,48
5238,5,284,nan,nan,48
5238,5,375,nan,nan,48
5238,5,336,nan,nan,48
5238,5,430,nan,nan,48
5238,5,92,nan,nan,48
5238,5,124,nan,nan,48
5238,6,314,nan,nan,48
5238,6,629,nan,nan,48
5238,6,376,nan,nan,48
5238,6,662,nan,nan,48
5238,6,234,nan,nan,48
5238,6,243,nan,nan,48
5238,7,22,nan,nan,48
5238,9,27,nan,nan,48
5238,9,546,nan,nan,48
5238,9,512,nan,nan,48
5238,9,450,nan,nan,48
5238,9,237,nan,nan,48
5238,9,93,nan,nan,48
5238,11,641,nan,nan,48
5238,11,41,nan,nan,48
5238,11,319,nan,nan,48
5238,11,170,nan,nan,48
5238,13,164,nan,nan,48
5238,13,465,nan,nan,48
5238,13,493,nan,nan,48
5238,13,307,nan,nan,48
5238,13,447,nan,nan,48
5238,13,252,nan,nan,48
5238,13,176,nan,nan,48
5238,19,316,nan,nan,48
5238,19,79,nan,nan,48
5238,19,431,nan,nan,48
5238,19,92,nan,nan,48
5238,20,466,nan,nan,48
5238,20,176,nan,nan,48
5238,20,481,nan,nan,48
5238,20,259,nan,nan,48
5238,22,298,nan,nan,48
5238,22,426,nan,nan,48
5238,22,670,nan,nan,48
5238,22,390,nan,nan,48
5238,22,525,nan,nan,48
5238,23,220,nan,nan,48
5238,23,493,nan,nan,48
5238,23,286,nan,nan,48
5238,23,611,nan,nan,48
5238,23,199,nan,nan,48
5238,23,449,nan,nan,48
5238,27,137,nan,nan,48
5238,27,76,nan,nan,48
5238,27,356,nan,nan,48
5238,27,3,nan,nan,48
5238,27,576,nan,nan,48
5238,27,417,nan,nan,48
5238,27,551,nan,nan,48
5238,27,162,nan,nan,48
5238,30,133,nan,nan,48
5238,30,133,nan,nan,48
5238,30,39,nan,nan,48
5238,30,472,nan,nan,48
5238,30,572,nan,nan,48
5238,30,159,nan,nan,48
5238,30,22,nan,nan,48
5238,30,374,nan,nan,48
5238,32,31,nan,nan,48
5238,32,36,nan,nan,48
5238,32,248,nan,nan,48
5238,37,223,nan,nan,48
5238,37,610,nan,nan,48
5238,37,645,nan,nan,48
5238,37,678,nan,nan,48
5238,37,142,nan,nan,48
5238,37,524,nan,nan,48
5238,37,33,nan,nan,48
5238,37,71,nan,nan,48
5238,38,448,nan,nan,48
5238,38,371,nan,nan,48
5238,38,589,nan,nan,48
5238,38,108,nan,nan,48
5238,41,296,nan,nan,48
5238,41,245,nan,nan,48
5238,41,2,nan,nan,48
5238,41,199,nan,nan,48
5238,41,207,nan,nan,48
5238,41,71,nan,nan,48
5238,41,518,nan,nan,48
5238,42,277,nan,nan,48
5238,42,141,nan,nan,48
5238,42,449,nan,nan,48
5238,43,415,nan,nan,48
5238,43,99,nan,nan,48
5238,43,205,nan,nan,48
5238,44,112,nan,nan,48
5238,44,33,nan,nan,48
5238,44,450,nan,nan,48
5238,44,517,nan,nan,48
5238,44,402,nan,nan,48
5238,45,225,nan,nan,48
5238,45,303,nan,nan,48
5238,45,357,nan,nan,48
5238,45,217,nan,nan,48
5238,45,348,nan,nan,48
5238,45,560,nan,nan,48
5238,45,61,nan,nan,48
5238,45,667,nan,nan,48
5238,45,509,nan,nan,48
5238,46,325,nan,nan,48
5238,46,140,nan,nan,48
5238,46,639,nan,nan,48
5238,46,167,nan,nan,48
5238,46,315,nan,nan,48
5238,46,333,nan,nan,48
5238,47,647,nan,nan,48
5238,47,528,nan,nan,48
5238,47,592,nan,nan,48
5238,47,494,nan,nan,48
5238,51,581,nan,nan,48
5238,51,621,nan,nan,48
5238,51,241,nan,nan,48
5238,52,221,nan,nan,48
5238,52,168,nan,nan,48
5238,52,68,nan,nan,48
5238,52,455,nan,nan,48
5238,52,228,nan,nan,48
5238,52,113,nan,nan,48
5238,52,256,nan,nan,48
5238,53,302,nan,nan,48
5238,53,555,nan,nan,48
5238,53,502,nan,nan,48
5238,53,69,nan,nan,48
5238,53,623,nan,nan,48
5238,53,678,nan,nan,48
5238,53,126,nan,nan,48
5238,54,344,nan,nan,48
5238,54,589,nan,nan,48
5238,54,42,nan,nan,48
5238,54,303,nan,nan,48
5238,54,623,nan,nan,48
5238,54,400,nan,nan,48
5238,54,392,nan,nan,48
5238,54,145,nan,nan,48
5238,56,666,nan,nan,48
5238,56,281,nan,nan,48
5238,56,378,nan,nan,48
5238,57,127,nan,nan,48
5238,57,287,nan,nan,48
5238,57,579,nan,nan,48
5238,57,336,nan,nan,48
5238,60,173,nan,nan,48
5238,60,661,nan,nan,48
5238,60,542,nan,nan,48
5238,60,211,nan,nan,48
5238,60,67,nan,nan,48
5238,60,660,nan,nan,48
5238,61,0,nan,nan,48
5238,61,551,nan,nan,48
5238,61,208,nan,nan,48
5238,61,321,nan,nan,48
5238,62,400,nan,nan,48
5238,62,332,nan,nan,48
5238,62,114,nan,nan,48
5238,62,519,nan,nan,48
5238,63,178,nan,nan,48
5238,63,614,nan,nan,48
5238,63,117,nan,nan,48
5238,64,688,nan,nan,48
5238,64,526,nan,nan,48
5238,64,182,nan,nan,48
5238,64,371,nan,nan,48
5238,64,307,nan,nan,48
5238,65,5,nan,nan,48
5238,65,688,nan,nan,48
5238,65,104,nan,nan,48
5238,65,326,nan,nan,48
5238,65,24,nan,nan,48
5238,66,103,nan,nan,48
5238,66,183,nan,nan,48
5238,66,400,nan,nan,48
5238,66,545,nan,nan,48
5238,66,472,nan,nan,48
5238,67,408,nan,nan,48
5238,67,347,nan,nan,48
5238,67,70,nan,nan,48
5238,68,192,nan,nan,48
5238,68,60,nan,nan,48
5238,68,591,nan,nan,48
5238,68,136,nan,nan,48
5238,70,270,nan,nan,48
5238,70,61,nan,nan,48
5238,70,106,nan,nan,48
5238,70,266,nan,nan,48
5238,73,58,nan,nan,48
5238,73,598,nan,nan,48
5238,73,495,nan,nan,48
5238,73,153,nan,nan,48
5238,73,602,nan,nan,48
5238,79,29,nan,nan,48
5238,79,241,nan,nan,48
5238,79,655,nan,nan,48
5238,79,228,nan,nan,48
5238,79,640,nan,nan,48
5238,79,544,nan,nan,48
5238,81,331,nan,nan,48
5238,81,550,nan,nan,48
5238,82,230,nan,nan,48
5238,82,327,nan,nan,48
5238,82,509,nan,nan,48
5238,82,483,nan,nan,48
5238,84,282,nan,nan,48
5238,84,64,nan,nan,48
5238,84,580,nan,nan,48
5238,84,571,nan,nan,48
5238,84,249,nan,nan,48
5238,84,158,nan,nan,48
5238,87,406,nan,nan,48
5238,87,248,nan,nan,48
5238,87,453,nan,nan,48
5238,87,109,nan,nan,48
5238,89,325,nan,nan,48
5238,89,214,nan,nan,48
5238,90,14,nan,nan,48
5238,90,637,nan,nan,48
5238,90,17,nan,nan,48
5238,90,404,nan,nan,48
5238,90,678,nan,nan,48
5238,90,408,nan,nan,48
5238,91,488,nan,nan,48
5238,91,648,nan,nan,48
5238,91,266,nan,nan,48
5238,91,530,nan,nan,48
5238,95,518,nan,nan,48
5238,95,145,nan,nan,48
5238,96,548,nan,nan,48
5238,96,699,nan,nan,48
5238,96,445,nan,nan,48
5238,96,102,nan,nan,48
5238,96,634,nan,nan,48
5238,96,59,nan,nan,48
5238,96,460,nan,nan,48
5238,97,59,nan,nan,48
5238,97,222,nan,nan,48
5238,97,466,nan,nan,48
5238,97,675,nan,nan,48
5238,97,87,nan,nan,48
5238,97,276,nan,nan,48
5238,97,637,nan,nan,48
5238,99,276,nan,nan,48
5238,99,269,nan,nan,48
5238,99,120,nan,nan,48
5238,99,628,nan,nan,48
5238,99,11,nan,nan,48
5238,100,437,nan,nan,48
5238,100,533,nan,nan,48
5238,100,196,nan,nan,48
5238,100,70,nan,nan,48
5238,100,333,nan,nan,48
5238,100,535,nan,nan,48
5238,100,368,nan,nan,48
5238,100,592,nan,nan,48
5238,101,644,nan,nan,48
5238,101,333,nan,nan,48
5238,101,550,nan,nan,48
5238,101,416,nan,nan,48
5238,102,450,nan,nan,48
5238,102,536,nan,nan,48
5238,102,422,nan,nan,48
5238,103,578,nan,nan,48
5238,103,673,nan,nan,48
5238,103,172,nan,nan,48
5238,106,138,nan,nan,48
5238,106,496,nan,nan,48
5238,106,255,nan,nan,48
5238,106,279,nan,nan,48
5238,106,340,nan,nan,48
5238,106,644,nan,nan,48
5238,106,293,nan,nan,48
5238,106,30,nan,nan,48
5238,108,154,nan,nan,48
5238,108,618,nan,nan,48
5238,108,127,nan,nan,48
5238,108,394,nan,nan,48
5238,108,44,nan,nan,48
5238,112,311,nan,nan,48
5238,112,507,nan,nan,48
5238,112,536,nan,nan,48
5238,112,553,nan,nan,48
5238,112,623,nan,nan,48
5238,112,371,nan,nan,48
5238,112,112,nan,nan,48
5238,113,208,nan,nan,48
5238,113,16,nan,nan,48
5238,113,667,nan,nan,48
5238,113,546,nan,nan,48
5238,118,329,nan,nan,48
5238,118,686,nan,nan,48
5238,118,173,nan,nan,48
5238,119,400,nan,nan,48
5238,119,42,nan,nan,48
5238,119,469,nan,nan,48
5238,119,490,nan,nan,48
5238,119,697,nan,nan,48
5238,120,686,nan,nan,48
5238,120,387,nan,nan,48
5238,120,18,nan,nan,48
5238,120,42,nan,nan,48
5238,120,481,nan,nan,48
5238,120,267,nan,nan,48
5238,120,435,nan,nan,48
5238,120,176,nan,nan,48
5238,120,226,nan,nan,48
5238,120,545,nan,nan,48
5238,120,587,nan,nan,48
5238,121,154,nan,nan,48
5238,121,116,nan,nan,48
5238,121,614,nan,nan,48
5238,121,620,nan,nan,48
5238,121,357,nan,nan,48
5238,127,282,nan,nan,48
5238,127,400,nan,nan,48
5238,127,8,nan,nan,48
5238,127,457,nan,nan,48
5238,127,686,nan,nan,48
5238,127,377,nan,nan,48
5238,129,566,nan,nan,48
5238,129,316,nan,nan,48
5238,129,268,nan,nan,48
5238,129,444,nan,nan,48
5238,129,463,nan,nan,48
5238,129,3,nan,nan,48
5238,129,195,nan,nan,48
5238,129,199,nan,nan,48
5238,131,337,nan,nan,48
5238,131,123,nan,nan,48
5238,131,144,nan,nan,48
5238,131,299,nan,nan,48
5238,131,230,nan,nan,48
5238,131,439,nan,nan,48
5238,131,66,nan,nan,48
5238,133,262,nan,nan,48
5238,133,310,nan,nan,48
5238,133,591,nan,nan,48
5238,133,20,nan,nan,48
5238,133,130,nan,nan,48
5238,135,20,nan,nan,48
5238,135,268,nan,nan,48
5238,135,499,nan,nan,48
5238,135,394,nan,nan,48
5238,135,460,nan,nan,48
5238,135,394,nan,nan,48
5238,135,17,nan,nan,48
5238,135,449,nan,nan,48
5238,135,439,nan,nan,48
5238,137,476,nan,nan,48
5238,137,678,nan,nan,48
5238,137,422,nan,nan,48
5238,138,102,nan,nan,48
5238,138,35,nan,nan,48
5238,138,500,nan,nan,48
5238,138,116,nan,nan,48
5238,139,164,nan,nan,48
5238,139,114,nan,nan,48
5238,139,587,nan,nan,48
5238,139,6,nan,nan,48
5238,139,539,nan,nan,48
5238,139,214,nan,nan,48
5238,142,159,nan,nan,48
5238,142,267,nan,nan,48
5238,142,99,nan,nan,48
5238,142,107,nan,nan,48
5238,142,576,nan,nan,48
5238,142,153,nan,nan,48
5238,142,65,nan,nan,48
5238,142,103,nan,nan,48
5238,143,47,nan,nan,48
5238,143,120,nan,nan,48
5238,143,605,nan,nan,48
5238,143,434,nan,nan,48
5238,143,129,nan,nan,48
5238,143,637,nan,nan,48
5238,143,363,nan,nan,48
5238,143,54,nan,nan,48
5238,145,410,nan,nan,48
5238,145,397,nan,nan,48
5238,145,206,nan,nan,48
5238,145,27,nan,nan,48
5238,148,621,nan,nan,48
5238,148,13,nan,nan,48
5238,148,437,nan,nan,48
5238,148,345,nan,nan,48
5238,149,499,nan,nan,48
5238,149,518,nan,nan,48
5238,149,25,nan,nan,48
5238,149,120,nan,nan,48
5238,149,490,nan,nan,48
5238,155,368,nan,nan,48
5238,155,471,nan,nan,48
5238,155,163,nan,nan,48
5238,155,351,nan,nan,48
5238,155,127,nan,nan,48
5238,155,395,nan,nan,48
5238,155,530,nan,nan,48
5238,66,337,0,0.5,48
5239,0,377,nan,nan,74
