1499,18,3,nan,nan,23
1499,18,469,nan,nan,23
1499,18,389,nan,nan,23
1499,18,317,nan,nan,23
1499,21,405,nan,nan,23
1499,21,598,nan,nan,23
1499,21,411,nan,nan,23
1499,21,380,nan,nan,23
1499,52,2,nan,nan,23
1499,52,333,nan,nan,23
1499,61,108,nan,nan,23
1499,61,642,nan,nan,23
1499,61,131,nan,nan,23
1499,72,136,nan,nan,23
1499,72,400,nan,nan,23
1499,76,79,nan,nan,23
1499,76,327,nan,nan,23
1499,90,54,nan,nan,23
1499,90,188,nan,nan,23
1499,90,324,nan,nan,23
1499,90,154,nan,nan,23
1499,90,42,nan,nan,23
1499,110,614,nan,nan,23
1499,128,49,nan,nan,23
1499,128,371,nan,nan,23
1499,128,463,nan,nan,23
1499,128,161,nan,nan,23
1499,137,153,nan,nan,23
1499,144,23,nan,nan,23
1499,144,691,nan,nan,23
1499,150,117,nan,nan,23
1499,150,482,nan,nan,23
1499,150,285,nan,nan,23
1499,150,346,nan,nan,23
1500,1,199,nan,nan,68
1500,1,324,nan,nan,68
1500,1,691,nan,nan,68
1500,1,169,2,0.1,68
1500,1,410,3,0.25,68
1500,1,504,nan,nan,68
1500,1,388,nan,nan,68
1500,6,82,nan,nan,68
1500,6,601,nan,nan,68
1500,6,238,nan,nan,68
1500,6,461,nan,nan,68
1500,6,634,nan,nan,68
1500,6,122,nan,nan,68
1500,6,579,nan,nan,68
1500,6,455,nan,nan,68
1500,9,545,nan,nan,68
1500,9,587,nan,nan,68
1500,11,649,nan,nan,68
1500,11,650,nan,nan,68
1500,11,160,nan,nan,68
1500,11,347,nan,nan,68
1500,11,201,nan,nan,68
1500,25,429,nan,nan,68
1500,25,558,nan,nan,68
1500,25,551,nan,nan,68
1500,25,237,nan,nan,68
1500,25,195,nan,nan,68
1500,25,495,nan,nan,68
1500,25,329,nan,nan,68
1500,30,337,nan,nan,68
1500,30,319,nan,nan,68
1500,30,380,nan,nan,68
1500,30,538,nan,nan,68
1500,30,546,nan,nan,68
1500,30,20,nan,nan,68
1500,30,530,nan,nan,68
1500,30,668,nan,nan,68
1500,34,173,nan,nan,68
1500,34,259,nan,nan,68
1500,34,45,nan,nan,68
1500,34,490,nan,nan,68
1500,34,603,nan,nan,68
1500,34,404,nan,nan,68
1500,34,334,nan,nan,68
1500,40,129,nan,nan,68
1500,40,74,nan,nan,68
1500,40,225,nan,nan,68
1500,40,634,nan,nan,68
1500,53,567,nan,nan,68
1500,53,342,nan,nan,68
1500,53,253,nan,nan,68
1500,53,336,nan,nan,68
1500,53,44,nan,nan,68
1500,53,451,nan,nan,68
1500,53,36,nan,nan,68
1500,53,419,nan,nan,68
1500,63,127,nan,nan,68
1500,63,120,nan,nan,68
1500,63,424,nan,nan,68
1500,65,83,nan,nan,68
1500,65,490,nan,nan,68
1500,65,274,nan,nan,68
1500,65,174,nan,nan,68
1500,65,226,nan,nan,68
1500,65,442,nan,nan,68
1500,65,569,nan,nan,68
1500,74,606,nan,nan,68
1500,74,236,nan,nan,68
1500,74,602,nan,nan,68
1500,74,394,nan,nan,68
1500,74,456,nan,nan,68
1500,88,92,nan,nan,68
1500,88,534,nan,nan,68
1500,88,199,nan,nan,68
1500,88,444,nan,nan,68
1500,88,603,nan,nan,68
1500,88,213,nan,nan,68
1500,88,536,nan,nan,68
1500,88,329,nan,nan,68
1500,88,163,nan,nan,68
1500,89,530,nan,nan,68
1500,89,223,nan,nan,68
1500,92,634,nan,nan,68
1500,92,575,nan,nan,68
1500,92,630,nan,nan,68
1500,92,345,nan,nan,68
1500,106,44,nan,nan,68
1500,106,31,nan,nan,68
1500,106,549,nan,nan,68
1500,106,370,nan,nan,68
1500,106,400,nan,nan,68
1500,123,236,nan,nan,68
1500,123,280,nan,nan,68
1500,123,389,nan,nan,68
1500,123,469,nan,nan,68
1500,123,245,nan,nan,68
1500,123,598,nan,nan,68
1500,123,405,nan,nan,68
1500,123,389,nan,nan,68
1500,123,389,nan,nan,68
1500,123,5,nan,nan,68
1500,123,697,nan,nan,68
1500,123,377,nan,nan,68
1500,126,548,nan,nan,68
1500,126,59,nan,nan,68
1500,138,235,nan,nan,68
1500,138,369,nan,nan,68
1500,138,681,nan,nan,68
1500,140,636,nan,nan,68
1500,140,257,nan,nan,68
1500,140,503,nan,nan,68
1500,140,620,nan,nan,68
1500,140,163,nan,nan,68
1500,140,365,nan,nan,68
1500,144,70,nan,nan,68
1500,144,439,nan,nan,68
1500,144,112,nan,nan,68
1500,144,576,nan,nan,68
1501,17,542,nan,nan,40
1501,17,83,nan,nan,40
1501,17,7,nan,nan,40
1501,17,325,nan,nan,40
1501,17,400,nan,nan,40
1501,17,698,nan,nan,40
1501,17,270,nan,nan,40
1501,17,226,nan,nan,40
1501,17,400,nan,nan,40
1501,17,619,nan,nan,40
1501,17,654,nan,nan,40
1501,17,291,nan,nan,40
1501,17,578,nan,nan,40
1501,17,686,nan,nan,40
1501,17,319,nan,nan,40
1501,30,449,nan,nan,40
1501,30,123,nan,nan,40
1501,30,191,nan,nan,40
1501,30,692,nan,nan,40
1501,30,490,nan,nan,40
1501,30,640,nan,nan,40
1501,30,588,nan,nan,40
1501,32,421,nan,nan,40
1501,32,234,nan,nan,40
1501,32,142,nan,nan,40
1501,32,311,nan,nan,40
1501,32,203,nan,nan,40
1501,32,253,nan,nan,40
1501,32,639,nan,nan,40
1501,33,58,nan,nan,40
1501,33,577,nan,nan,40
1501,33,164,nan,nan,40
1501,33,458,nan,nan,40
1501,33,139,nan,nan,40
1501,33,188,nan,nan,40
1501,33,290,nan,nan,40
1501,33,84,nan,nan,40
1501,33,123,nan,nan,40
1501,33,108,nan,nan,40
1501,33,51,nan,nan,40
1501,35,488,nan,nan,40
1501,35,170,nan,nan,40
1501,35,413,nan,nan,40
1501,35,624,nan,nan,40
1501,35,352,nan,nan,40
1501,35,454,nan,nan,40
1501,35,10,nan,nan,40
1501,35,179,nan,nan,40
1501,37,75,nan,nan,40
1501,37,493,nan,nan,40
1501,37,83,nan,nan,40
1501,37,9,nan,nan,40
1501,37,313,nan,nan,40
1501,37,84,nan,nan,40
1501,37,618,nan,nan,40
1501,37,255,nan,nan,40
1501,37,334,nan,nan,40
1501,37,163,nan,nan,40
1501,37,84,nan,nan,40
1501,37,468,nan,nan,40
1501,37,653,nan,nan,40
1501,37,17,nan,nan,40
1501,47,692,nan,nan,40
1501,47,30,nan,nan,40
1501,47,608,nan,nan,40
1501,47,628,nan,nan,40
1501,47,448,nan,nan,40
1501,47,577,nan,nan,40
1501,47,402,nan,nan,40
1501,47,441,nan,nan,40
1501,47,322,nan,nan,40
1501,47,548,nan,nan,40
1501,47,295,nan,nan,40
1501,47,504,nan,nan,40
1501,47,621,nan,nan,40
1501,49,663,nan,nan,40
1501,49,160,nan,nan,40
1501,49,566,nan,nan,40
1501,49,644,nan,nan,40
1501,49,526,nan,nan,40
1501,49,63,nan,nan,40
1501,49,687,nan,nan,40
1501,49,166,nan,nan,40
1501,49,477,nan,nan,40
1501,56,157,nan,nan,40
1501,56,104,nan,nan,40
1501,56,666,nan,nan,40
1501,56,337,nan,nan,40
1501,56,371,nan,nan,40
1501,56,293,nan,nan,40
1501,56,189,nan,nan,40
1501,56,104,nan,nan,40
1501,56,631,nan,nan,40
1501,56,255,nan,nan,40
1501,56,462,nan,nan,40
1501,56,681,nan,nan,40
1501,74,551,nan,nan,40
1501,74,539,nan,nan,40
1501,74,640,nan,nan,40
1501,74,670,nan,nan,40
1501,74,429,nan,nan,40
1501,74,96,nan,nan,40
1501,74,543,nan,nan,40
1501,74,146,nan,nan,40
1501,74,210,nan,nan,40
1501,74,298,nan,nan,40
1501,74,47,nan,nan,40
1501,74,370,nan,nan,40
1501,74,447,nan,nan,40
1501,74,126,nan,nan,40
1501,74,192,nan,nan,40
1501,99,518,nan,nan,40
1501,99,296,nan,nan,40
1501,99,315,nan,nan,40
1501,99,556,nan,nan,40
1501,99,567,nan,nan,40
1501,99,302,nan,nan,40
1501,99,189,nan,nan,40
1501,99,284,nan,nan,40
1501,99,478,nan,nan,40
1501,99,337,nan,nan,40
1501,99,12,nan,nan,40
1501,99,167,nan,nan,40
1501,99,304,nan,nan,40
1501,99,478,nan,nan,40
1501,110,110,nan,nan,40
1501,110,602,nan,nan,40
1501,110,360,nan,nan,40
1501,110,418,nan,nan,40
1501,110,657,nan,nan,40
1501,110,519,nan,nan,40
1501,110,409,nan,nan,40
1501,110,325,nan,nan,40
1501,110,189,nan,nan,40
1501,110,355,nan,nan,40
1501,110,266,nan,nan,40
1501,119,677,nan,nan,40
1501,119,469,nan,nan,40
1501,119,690,nan,nan,40
1501,119,435,nan,nan,40
1501,119,176,nan,nan,40
1501,119,607,nan,nan,40
1501,119,387,nan,nan,40
1501,119,113,nan,nan,40
1501,119,285,nan,nan,40
1501,143,653,nan,nan,40
1501,143,584,nan,nan,40
1501,143,237,nan,nan,40
1501,143,576,nan,nan,40
1501,143,23,nan,nan,40
1501,143,463,nan,nan,40
1501,143,607,nan,nan,40
1501,143,656,nan,nan,40
1501,143,410,nan,nan,40
1501,143,24,nan,nan,40
1501,143,246,nan,nan,40
1501,143,479,nan,nan,40
1501,143,475,nan,nan,40
1501,143,634,nan,nan,40
1501,143,99,nan,nan,40
1501,143,663,nan,nan,40
1501,143,596,nan,nan,40
1501,143,15,nan,nan,40
1501,143,601,nan,nan,40
1501,143,105,nan,nan,40
1501,150,684,nan,nan,40
1501,150,14,nan,nan,40
1501,150,224,nan,nan,40
1501,150,323,nan,nan,40
1501,150,445,nan,nan,40
1501,150,333,nan,nan,40
1501,150,105,nan,nan,40
1502,2,580,nan,nan,43
1502,7,30,nan,nan,43
1502,7,226,nan,nan,43
1502,7,201,nan,nan,43
1502,7,244,nan,nan,43
1502,7,125,nan,nan,43
1502,7,122,nan,nan,43
1502,7,682,nan,nan,43
1502,7,454,nan,nan,43
1502,35,624,nan,nan,43
1502,35,245,nan,nan,43
1502,35,641,nan,nan,43
1502,35,290,nan,nan,43
1502,62,191,nan,nan,43
1502,62,488,nan,nan,43
1502,62,221,nan,nan,43
1502,62,368,nan,nan,43
1502,62,142,nan,nan,43
1502,70,176,nan,nan,43
1502,70,270,nan,nan,43
1502,70,364,nan,nan,43
1502,70,629,nan,nan,43
1502,70,412,nan,nan,43
1502,70,663,nan,nan,43
1502,70,389,nan,nan,43
1502,80,131,nan,nan,43
1502,80,423,nan,nan,43
1502,80,67,nan,nan,43
1502,80,39,nan,nan,43
1502,92,442,nan,nan,43
1502,92,279,nan,nan,43
1502,92,197,nan,nan,43
1502,92,99,nan,nan,43
1502,92,636,nan,nan,43
1502,97,462,nan,nan,43
1502,97,581,nan,nan,43
1502,97,633,nan,nan,43
1502,97,281,nan,nan,43
1502,97,571,nan,nan,43
1502,97,281,nan,nan,43
1502,102,210,nan,nan,43
1502,134,177,nan,nan,43
1502,134,586,nan,nan,43
1502,134,650,nan,nan,43
1502,138,209,nan,nan,43
1502,138,572,nan,nan,43
1502,138,91,nan,nan,43
1502,138,154,nan,nan,43
1502,138,101,nan,nan,43
1502,138,397,nan,nan,43
1502,138,556,nan,nan,43
1502,138,291,nan,nan,43
1502,142,59,nan,nan,43
1502,142,129,nan,nan,43
1502,142,412,nan,nan,43
1502,142,493,nan,nan,43
1502,142,407,nan,nan,43
1502,142,380,nan,nan,43
1502,142,349,nan,nan,43
1502,143,363,nan,nan,43
1502,143,584,nan,nan,43
1502,143,397,nan,nan,43
1502,143,499,nan,nan,43
1503,15,548,nan,nan,15
1503,15,400,nan,nan,15
1503,15,512,nan,nan,15
1503,15,522,nan,nan,15
1503,15,528,nan,nan,15
1503,15,233,nan,nan,15
1503,24,48,nan,nan,15
1503,24,240,nan,nan,15
1503,25,551,nan,nan,15
1503,25,139,nan,nan,15
1503,25,548,nan,nan,15
1503,25,417,nan,nan,15
1503,34,641,nan,nan,15
1503,34,61,nan,nan,15
1503,34,163,nan,nan,15
1503,34,641,nan,nan,15
1503,34,603,nan,nan,15
1503,34,164,nan,nan,15
1503,46,540,nan,nan,15
1503,46,617,nan,nan,15
1503,46,93,nan,nan,15
1503,46,217,nan,nan,15
1503,46,514,nan,nan,15
1503,50,78,nan,nan,15
1503,50,265,nan,nan,15
1503,50,463,nan,nan,15
1503,50,34,nan,nan,15
1503,51,617,nan,nan,15
1503,51,135,nan,nan,15
1503,63,335,nan,nan,15
1503,63,304,nan,nan,15
1503,63,97,nan,nan,15
1503,63,283,nan,nan,15
1503,63,107,nan,nan,15
1503,63,42,nan,nan,15
1503,63,474,nan,nan,15
1503,63,226,nan,nan,15
1503,64,30,nan,nan,15
1503,64,413,nan,nan,15
1503,64,586,nan,nan,15
1503,77,308,nan,nan,15
1503,77,52,nan,nan,15
1503,77,686,nan,nan,15
1503,77,79,nan,nan,15
1503,83,123,nan,nan,15
1503,83,599,nan,nan,15
1503,83,378,nan,nan,15
1503,92,193,nan,nan,15
1503,92,617,nan,nan,15
1503,92,355,nan,nan,15
1503,92,267,nan,nan,15
1503,92,299,nan,nan,15
1503,92,464,nan,nan,15
1503,94,552,nan,nan,15
1503,107,554,nan,nan,15
1503,107,93,nan,nan,15
1503,107,268,nan,nan,15
1503,107,601,nan,nan,15
1503,148,652,nan,nan,15
1503,148,163,nan,nan,15
1503,148,445,nan,nan,15
1503,148,540,nan,nan,15
1503,148,473,nan,nan,15
1503,148,583,nan,nan,15
1503,109,506,0,0.5,15
1504,7,133,nan,nan,98
1504,7,559,nan,nan,98
1504,7,394,nan,nan,98
1504,7,226,nan,nan,98
1504,7,544,nan,nan,98
1504,8,82,nan,nan,98
1504,8,135,nan,nan,98
1504,11,42,nan,nan,98
1504,11,665,nan,nan,98
1504,11,180,nan,nan,98
1504,11,137,nan,nan,98
1504,11,175,nan,nan,98
1504,11,306,nan,nan,98
1504,11,665,nan,nan,98
1504,14,103,nan,nan,98
1504,14,271,nan,nan,98
1504,14,478,nan,nan,98
1504,14,586,nan,nan,98
1504,16,649,nan,nan,98
1504,16,275,nan,nan,98
1504,16,319,nan,nan,98
1504,16,319,nan,nan,98
1504,18,128,nan,nan,98
1504,18,561,nan,nan,98
1504,18,483,nan,nan,98
1504,18,412,nan,nan,98
1504,25,622,nan,nan,98
1504,25,539,nan,nan,98
1504,25,268,nan,nan,98
1504,25,76,nan,nan,98
1504,27,171,nan,nan,98
1504,27,645,nan,nan,98
1504,27,535,nan,nan,98
1504,27,687,nan,nan,98
1504,27,237,nan,nan,98
1504,27,615,nan,nan,98
1504,27,3,nan,nan,98
1504,27,680,nan,nan,98
1504,29,619,nan,nan,98
1504,29,268,nan,nan,98
1504,33,650,nan,nan,98
1504,33,509,nan,nan,98
1504,33,155,nan,nan,98
1504,33,687,nan,nan,98
1504,35,70,nan,nan,98
1504,35,444,nan,nan,98
1504,35,190,nan,nan,98
1504,35,319,nan,nan,98
1504,35,399,nan,nan,98
1504,35,251,nan,nan,98
1504,36,372,nan,nan,98
1504,36,472,nan,nan,98
1504,36,84,nan,nan,98
1504,36,76,nan,nan,98
1504,38,524,nan,nan,98
1504,38,135,nan,nan,98
1504,38,386,nan,nan,98
1504,38,369,nan,nan,98
1504,41,64,nan,nan,98
1504,41,143,nan,nan,98
1504,41,690,nan,nan,98
1504,47,433,nan,nan,98
1504,47,394,nan,nan,98
1504,47,307,nan,nan,98
1504,47,205,nan,nan,98
1504,47,109,nan,nan,98
1504,47,424,nan,nan,98
1504,47,194,nan,nan,98
1504,48,63,nan,nan,98
1504,48,479,nan,nan,98
1504,48,45,nan,nan,98
1504,48,297,nan,nan,98
1504,48,500,nan,nan,98
1504,48,633,nan,nan,98
1504,48,380,nan,nan,98
1504,50,401,nan,nan,98
1504,50,3,nan,nan,98
1504,50,405,nan,nan,98
1504,50,519,nan,nan,98
1504,54,109,nan,nan,98
1504,54,146,nan,nan,98
1504,54,623,nan,nan,98
1504,54,351,nan,nan,98
1504,54,192,nan,nan,98
1504,56,215,nan,nan,98
1504,56,30,nan,nan,98
1504,56,157,nan,nan,98
1504,62,388,nan,nan,98
1504,62,281,nan,nan,98
1504,66,397,nan,nan,98
1504,66,562,nan,nan,98
1504,66,343,nan,nan,98
1504,66,562,nan,nan,98
1504,66,310,nan,nan,98
1504,66,389,nan,nan,98
1504,66,519,nan,nan,98
1504,69,562,nan,nan,98
1504,69,578,nan,nan,98
1504,69,422,nan,nan,98
1504,69,347,nan,nan,98
1504,73,429,nan,nan,98
1504,73,391,nan,nan,98
1504,76,539,nan,nan,98
1504,76,632,nan,nan,98
1504,76,294,nan,nan,98
1504,76,199,nan,nan,98
1504,76,666,nan,nan,98
1504,76,327,nan,nan,98
1504,76,699,nan,nan,98
1504,85,641,nan,nan,98
1504,85,164,nan,nan,98
1504,85,643,nan,nan,98
1504,85,660,nan,nan,98
1504,85,609,nan,nan,98
1504,85,334,nan,nan,98
1504,85,289,nan,nan,98
1504,85,423,nan,nan,98
1504,85,411,nan,nan,98
1504,86,234,nan,nan,98
1504,86,607,nan,nan,98
1504,86,519,nan,nan,98
1504,89,576,nan,nan,98
1504,89,84,nan,nan,98
1504,89,267,nan,nan,98
1504,89,426,nan,nan,98
1504,89,655,nan,nan,98
1504,89,209,nan,nan,98
1504,89,163,nan,nan,98
1504,89,441,nan,nan,98
1504,93,616,nan,nan,98
1504,93,438,nan,nan,98
1504,93,6,nan,nan,98
1504,93,214,nan,nan,98
1504,93,355,nan,nan,98
1504,95,315,nan,nan,98
1504,95,296,nan,nan,98
1504,95,484,nan,nan,98
1504,95,207,nan,nan,98
1504,95,98,nan,nan,98
1504,100,214,nan,nan,98
1504,100,107,nan,nan,98
1504,105,467,nan,nan,98
1504,105,529,nan,nan,98
1504,105,433,nan,nan,98
1504,105,90,nan,nan,98
1504,105,108,nan,nan,98
1504,107,365,nan,nan,98
1504,107,68,nan,nan,98
1504,107,666,nan,nan,98
1504,108,547,nan,nan,98
1504,108,30,nan,nan,98
1504,109,552,nan,nan,98
1504,109,491,nan,nan,98
1504,109,284,nan,nan,98
1504,109,632,nan,nan,98
1504,109,115,nan,nan,98
1504,109,629,nan,nan,98
1504,109,216,nan,nan,98
1504,114,226,nan,nan,98
1504,114,69,nan,nan,98
1504,114,485,nan,nan,98
1504,114,236,nan,nan,98
1504,114,177,nan,nan,98
1504,117,106,nan,nan,98
1504,117,270,nan,nan,98
1504,117,352,nan,nan,98
1504,117,321,nan,nan,98
1504,118,50,nan,nan,98
1504,118,462,1,0.25,98
1504,118,298,0,0.5,98
1504,118,653,nan,nan,98
1504,118,553,nan,nan,98
1504,118,376,nan,nan,98
1504,127,541,nan,nan,98
1504,127,644,nan,nan,98
1504,127,316,nan,nan,98
1504,137,500,nan,nan,98
1504,137,678,nan,nan,98
1504,137,435,nan,nan,98
1504,137,690,nan,nan,98
1504,137,89,nan,nan,98
1504,137,241,nan,nan,98
1504,137,509,nan,nan,98
1504,137,71,nan,nan,98
1504,141,251,nan,nan,98
1504,141,208,nan,nan,98
1504,141,634,nan,nan,98
1504,141,655,nan,nan,98
1504,141,154,nan,nan,98
1504,141,109,nan,nan,98
1504,146,634,nan,nan,98
1504,146,357,nan,nan,98
1504,146,611,nan,nan,98
1504,146,410,nan,nan,98
1504,149,618,nan,nan,98
1504,151,472,nan,nan,98
1504,151,229,nan,nan,98
1504,151,601,nan,nan,98
1504,151,669,nan,nan,98
1504,151,105,nan,nan,98
1504,151,578,nan,nan,98
1504,153,273,nan,nan,98
1504,153,157,nan,nan,98
1504,153,6,nan,nan,98
1504,153,558,nan,nan,98
1504,153,249,nan,nan,98
1504,154,335,nan,nan,98
1504,154,392,nan,nan,98
1504,155,102,nan,nan,98
1504,155,67,nan,nan,98
1504,155,142,nan,nan,98
1504,155,427,nan,nan,98
1504,155,168,nan,nan,98
1504,155,31,nan,nan,98
1505,2,152,nan,nan,6
1505,2,445,nan,nan,6
1505,2,229,nan,nan,6
1505,2,426,nan,nan,6
1505,2,682,nan,nan,6
1505,2,603,nan,nan,6
1505,2,194,nan,nan,6
1505,12,332,nan,nan,6
1505,12,379,nan,nan,6
1505,12,9,nan,nan,6
1505,12,293,nan,nan,6
1505,12,496,nan,nan,6
1505,12,380,nan,nan,6
1505,12,476,nan,nan,6
1505,12,42,nan,nan,6
1505,12,149,nan,nan,6
1505,12,529,nan,nan,6
1505,12,8,nan,nan,6
1505,12,83,nan,nan,6
1505,12,256,nan,nan,6
1505,12,586,nan,nan,6
1505,12,12,nan,nan,6
1505,12,546,nan,nan,6
1505,14,447,nan,nan,6
1505,14,174,nan,nan,6
1505,14,307,nan,nan,6
1505,14,45,nan,nan,6
1505,16,13,nan,nan,6
1505,16,686,nan,nan,6
1505,16,522,nan,nan,6
1505,16,110,nan,nan,6
1505,16,234,nan,nan,6
1505,16,347,nan,nan,6
1505,16,275,nan,nan,6
1505,20,295,nan,nan,6
1505,20,429,nan,nan,6
1505,20,541,nan,nan,6
1505,20,82,nan,nan,6
1505,20,653,nan,nan,6
1505,23,131,nan,nan,6
1505,23,318,nan,nan,6
1505,23,70,nan,nan,6
1505,23,591,nan,nan,6
1505,23,76,nan,nan,6
1505,24,640,nan,nan,6
1505,24,414,nan,nan,6
1505,24,532,nan,nan,6
1505,24,331,nan,nan,6
1505,24,167,nan,nan,6
1505,24,76,nan,nan,6
1505,27,3,nan,nan,6
1505,27,16,nan,nan,6
1505,27,585,nan,nan,6
1505,27,577,nan,nan,6
1505,28,117,nan,nan,6
1505,28,622,nan,nan,6
1505,28,188,nan,nan,6
1505,28,335,nan,nan,6
1505,29,386,nan,nan,6
1505,29,428,nan,nan,6
1505,29,237,nan,nan,6
1505,29,550,nan,nan,6
1505,29,605,nan,nan,6
1505,30,288,nan,nan,6
1505,30,348,nan,nan,6
1505,30,156,nan,nan,6
1505,30,310,nan,nan,6
1505,30,605,nan,nan,6
1505,30,195,nan,nan,6
1505,30,458,nan,nan,6
1505,34,681,nan,nan,6
1505,34,621,nan,nan,6
1505,34,621,nan,nan,6
1505,34,428,nan,nan,6
1505,34,423,nan,nan,6
1505,34,578,nan,nan,6
1505,41,71,nan,nan,6
1505,41,198,nan,nan,6
1505,41,439,nan,nan,6
1505,41,129,nan,nan,6
1505,41,548,nan,nan,6
1505,41,158,nan,nan,6
1505,41,684,nan,nan,6
1505,44,156,nan,nan,6
1505,44,52,nan,nan,6
1505,44,218,nan,nan,6
1505,44,647,nan,nan,6
1505,48,123,nan,nan,6
1505,48,105,nan,nan,6
1505,48,241,nan,nan,6
1505,48,19,nan,nan,6
1505,48,237,nan,nan,6
1505,58,623,nan,nan,6
1505,58,139,nan,nan,6
1505,58,306,nan,nan,6
1505,58,590,nan,nan,6
1505,58,212,nan,nan,6
1505,58,644,nan,nan,6
1505,60,177,nan,nan,6
1505,60,325,nan,nan,6
1505,60,422,nan,nan,6
1505,60,671,nan,nan,6
1505,60,413,nan,nan,6
1505,61,145,nan,nan,6
1505,61,122,nan,nan,6
1505,61,198,nan,nan,6
1505,61,506,nan,nan,6
1505,61,545,nan,nan,6
1505,61,18,nan,nan,6
1505,61,177,nan,nan,6
1505,62,271,nan,nan,6
1505,62,374,nan,nan,6
1505,62,367,nan,nan,6
1505,62,266,nan,nan,6
1505,62,45,nan,nan,6
1505,66,260,nan,nan,6
1505,66,122,nan,nan,6
1505,66,558,nan,nan,6
1505,66,293,nan,nan,6
1505,66,539,nan,nan,6
1505,69,638,nan,nan,6
1505,69,604,nan,nan,6
1505,69,202,nan,nan,6
1505,71,360,nan,nan,6
1505,71,108,nan,nan,6
1505,71,166,nan,nan,6
1505,76,268,nan,nan,6
1505,76,161,nan,nan,6
1505,76,471,nan,nan,6
1505,76,76,nan,nan,6
1505,76,288,nan,nan,6
1505,76,211,nan,nan,6
1505,77,284,nan,nan,6
1505,77,145,nan,nan,6
1505,77,252,nan,nan,6
1505,77,52,nan,nan,6
1505,77,131,nan,nan,6
1505,77,327,nan,nan,6
1505,77,629,nan,nan,6
1505,79,434,nan,nan,6
1505,79,619,nan,nan,6
1505,79,308,nan,nan,6
1505,79,614,nan,nan,6
1505,79,457,nan,nan,6
1505,82,640,nan,nan,6
1505,82,630,nan,nan,6
1505,82,59,nan,nan,6
1505,82,513,nan,nan,6
1505,84,590,nan,nan,6
1505,84,509,nan,nan,6
1505,84,173,nan,nan,6
1505,84,315,nan,nan,6
1505,85,457,nan,nan,6
1505,85,365,nan,nan,6
1505,85,442,nan,nan,6
1505,85,500,nan,nan,6
1505,85,374,nan,nan,6
1505,85,182,nan,nan,6
1505,86,577,nan,nan,6
1505,86,129,nan,nan,6
1505,86,84,nan,nan,6
1505,87,663,nan,nan,6
1505,87,678,nan,nan,6
1505,87,675,nan,nan,6
1505,91,197,nan,nan,6
1505,91,47,nan,nan,6
1505,91,488,nan,nan,6
1505,91,105,nan,nan,6
1505,93,634,nan,nan,6
1505,93,391,nan,nan,6
1505,93,141,nan,nan,6
1505,93,365,nan,nan,6
1505,93,472,nan,nan,6
1505,93,488,nan,nan,6
1505,93,405,nan,nan,6
1505,97,377,nan,nan,6
1505,99,91,nan,nan,6
1505,99,225,nan,nan,6
1505,99,333,nan,nan,6
1505,99,76,nan,nan,6
1505,99,524,nan,nan,6
1505,99,177,nan,nan,6
1505,99,296,nan,nan,6
1505,99,171,nan,nan,6
1505,112,160,nan,nan,6
1505,112,89,nan,nan,6
1505,112,612,nan,nan,6
1505,112,539,nan,nan,6
1505,112,118,nan,nan,6
1505,112,643,nan,nan,6
1505,112,184,nan,nan,6
1505,112,89,nan,nan,6
1505,119,686,nan,nan,6
1505,119,472,nan,nan,6
1505,119,497,nan,nan,6
1505,119,548,nan,nan,6
1505,119,411,nan,nan,6
1505,121,425,nan,nan,6
1505,121,541,nan,nan,6
1505,121,551,nan,nan,6
1505,121,573,nan,nan,6
1505,126,95,nan,nan,6
1505,126,579,nan,nan,6
1505,126,583,nan,nan,6
1505,126,542,nan,nan,6
1505,126,414,nan,nan,6
1505,126,318,nan,nan,6
1505,127,565,nan,nan,6
1505,127,697,nan,nan,6
1505,127,534,nan,nan,6
1505,127,394,nan,nan,6
1505,127,697,nan,nan,6
1505,127,591,nan,nan,6
1505,127,311,nan,nan,6
1505,127,584,nan,nan,6
1505,128,476,nan,nan,6
1505,128,3,nan,nan,6
1505,128,498,nan,nan,6
1505,128,691,nan,nan,6
1505,128,374,nan,nan,6
1505,128,465,nan,nan,6
1505,128,76,nan,nan,6
1505,134,172,nan,nan,6
1505,134,56,nan,nan,6
1505,134,550,nan,nan,6
1505,134,178,nan,nan,6
1505,134,28,nan,nan,6
1505,139,123,nan,nan,6
1505,139,662,nan,nan,6
1505,139,223,nan,nan,6
1505,139,311,nan,nan,6
1505,140,553,nan,nan,6
1505,140,347,nan,nan,6
1505,140,84,nan,nan,6
1505,140,223,nan,nan,6
1505,140,493,nan,nan,6
1505,140,637,nan,nan,6
1505,140,594,nan,nan,6
1505,140,652,nan,nan,6
1505,144,636,nan,nan,6
1505,144,47,nan,nan,6
1505,144,636,nan,nan,6
1505,144,349,nan,nan,6
1505,144,207,nan,nan,6
1505,145,111,nan,nan,6
1505,152,371,nan,nan,6
1505,152,443,nan,nan,6
1505,152,495,nan,nan,6
1505,153,254,nan,nan,6
1505,153,623,nan,nan,6
1505,153,690,nan,nan,6
1505,153,72,nan,nan,6
1506,2,398,nan,nan,57
1506,2,670,nan,nan,57
1506,2,413,nan,nan,57
1506,2,369,nan,nan,57
1506,2,263,nan,nan,57
1506,5,389,nan,nan,57
1506,5,175,nan,nan,57
1506,5,500,nan,nan,57
1506,5,374,nan,nan,57
1506,7,452,nan,nan,57
1506,7,435,nan,nan,57
1506,7,314,nan,nan,57
1506,8,381,nan,nan,57
1506,8,241,nan,nan,57
1506,8,238,nan,nan,57
1506,8,67,nan,nan,57
1506,8,640,nan,nan,57
1506,8,181,nan,nan,57
1506,10,165,nan,nan,57
1506,10,425,nan,nan,57
1506,10,546,nan,nan,57
1506,10,114,nan,nan,57
1506,10,546,nan,nan,57
1506,10,452,nan,nan,57
1506,10,301,nan,nan,57
1506,10,155,nan,nan,57
1506,11,143,nan,nan,57
1506,11,544,nan,nan,57
1506,11,529,nan,nan,57
1506,13,502,nan,nan,57
1506,13,542,nan,nan,57
1506,13,542,nan,nan,57
1506,13,136,nan,nan,57
1506,13,531,nan,nan,57
1506,13,340,nan,nan,57
1506,14,652,nan,nan,57
1506,14,226,nan,nan,57
1506,14,176,nan,nan,57
1506,14,514,nan,nan,57
1506,14,400,nan,nan,57
1506,14,310,nan,nan,57
1506,14,671,nan,nan,57
1506,14,686,nan,nan,57
1506,15,28,nan,nan,57
1506,17,221,nan,nan,57
1506,17,385,nan,nan,57
1506,18,261,nan,nan,57
1506,18,395,nan,nan,57
1506,18,697,nan,nan,57
1506,18,119,nan,nan,57
1506,18,152,nan,nan,57
1506,20,285,nan,nan,57
1506,20,429,nan,nan,57
1506,20,89,nan,nan,57
1506,20,446,nan,nan,57
1506,20,197,nan,nan,57
1506,21,508,nan,nan,57
1506,21,153,nan,nan,57
1506,21,327,nan,nan,57
1506,23,245,nan,nan,57
1506,23,262,nan,nan,57
1506,23,593,nan,nan,57
1506,23,543,nan,nan,57
1506,23,16,nan,nan,57
1506,23,79,nan,nan,57
1506,23,429,nan,nan,57
1506,23,383,nan,nan,57
1506,24,261,nan,nan,57
1506,24,417,nan,nan,57
1506,25,3,nan,nan,57
1506,25,435,nan,nan,57
1506,25,233,nan,nan,57
1506,25,45,nan,nan,57
1506,26,475,nan,nan,57
1506,26,355,nan,nan,57
1506,26,669,nan,nan,57
1506,28,230,nan,nan,57
1506,28,469,nan,nan,57
1506,28,2,nan,nan,57
1506,28,581,nan,nan,57
1506,28,472,nan,nan,57
1506,29,65,nan,nan,57
1506,29,434,nan,nan,57
1506,29,539,nan,nan,57
1506,29,64,nan,nan,57
1506,35,558,nan,nan,57
1506,35,380,nan,nan,57
1506,38,304,nan,nan,57
1506,38,304,nan,nan,57
1506,38,524,nan,nan,57
1506,38,355,nan,nan,57
1506,40,376,nan,nan,57
1506,40,488,nan,nan,57
1506,40,656,nan,nan,57
1506,40,406,nan,nan,57
1506,40,324,nan,nan,57
1506,42,557,nan,nan,57
1506,42,684,nan,nan,57
1506,45,167,nan,nan,57
1506,45,606,nan,nan,57
1506,45,17,nan,nan,57
1506,45,164,nan,nan,57
1506,46,536,nan,nan,57
1506,46,229,nan,nan,57
1506,46,684,nan,nan,57
1506,46,449,nan,nan,57
1506,47,99,nan,nan,57
1506,47,447,nan,nan,57
1506,47,107,nan,nan,57
1506,47,6,nan,nan,57
1506,47,118,nan,nan,57
1506,50,477,nan,nan,57
1506,50,544,nan,nan,57
1506,50,159,nan,nan,57
1506,50,606,nan,nan,57
1506,50,52,nan,nan,57
1506,51,284,nan,nan,57
1506,51,153,nan,nan,57
1506,51,675,nan,nan,57
1506,51,134,nan,nan,57
1506,51,315,nan,nan,57
1506,51,289,nan,nan,57
1506,52,101,nan,nan,57
1506,52,18,nan,nan,57
1506,52,693,nan,nan,57
1506,53,675,nan,nan,57
1506,53,695,nan,nan,57
1506,53,25,nan,nan,57
1506,53,187,nan,nan,57
1506,53,201,nan,nan,57
1506,56,392,nan,nan,57
1506,56,515,nan,nan,57
1506,56,175,nan,nan,57
1506,56,310,nan,nan,57
1506,57,34,nan,nan,57
1506,57,47,nan,nan,57
1506,57,283,nan,nan,57
1506,57,93,nan,nan,57
1506,59,413,nan,nan,57
1506,59,665,nan,nan,57
1506,59,186,nan,nan,57
1506,59,629,nan,nan,57
1506,59,7,nan,nan,57
1506,60,48,nan,nan,57
1506,60,697,nan,nan,57
1506,60,374,nan,nan,57
1506,60,145,nan,nan,57
1506,60,679,nan,nan,57
1506,60,99,nan,nan,57
1506,60,60,nan,nan,57
1506,62,226,nan,nan,57
1506,62,619,nan,nan,57
1506,62,59,nan,nan,57
1506,62,337,nan,nan,57
1506,62,313,nan,nan,57
1506,62,127,nan,nan,57
1506,62,177,nan,nan,57
1506,63,337,nan,nan,57
1506,63,404,nan,nan,57
1506,63,529,nan,nan,57
1506,63,367,nan,nan,57
1506,63,77,nan,nan,57
1506,63,177,nan,nan,57
1506,63,547,nan,nan,57
1506,63,545,nan,nan,57
1506,63,587,nan,nan,57
1506,65,554,nan,nan,57
1506,65,688,nan,nan,57
1506,65,170,nan,nan,57
1506,65,83,nan,nan,57
1506,65,580,nan,nan,57
1506,65,468,nan,nan,57
1506,67,388,nan,nan,57
1506,67,332,nan,nan,57
1506,67,580,nan,nan,57
1506,67,519,nan,nan,57
1506,67,408,nan,nan,57
1506,67,531,nan,nan,57
1506,67,594,nan,nan,57
1506,68,573,nan,nan,57
1506,68,123,nan,nan,57
1506,68,698,nan,nan,57
1506,68,555,nan,nan,57
1506,68,263,nan,nan,57
1506,68,280,nan,nan,57
1506,69,665,nan,nan,57
1506,69,259,nan,nan,57
1506,69,360,nan,nan,57
1506,69,667,nan,nan,57
1506,70,572,nan,nan,57
1506,70,697,nan,nan,57
1506,70,187,nan,nan,57
1506,70,232,nan,nan,57
1506,70,482,nan,nan,57
1506,72,139,nan,nan,57
1506,72,601,nan,nan,57
1506,72,632,nan,nan,57
1506,79,263,nan,nan,57
1506,79,137,nan,nan,57
1506,79,57,nan,nan,57
1506,80,627,nan,nan,57
1506,80,333,nan,nan,57
1506,80,639,nan,nan,57
1506,80,95,nan,nan,57
1506,80,58,nan,nan,57
1506,80,25,nan,nan,57
1506,80,389,nan,nan,57
1506,81,194,nan,nan,57
1506,81,502,nan,nan,57
1506,81,235,nan,nan,57
1506,81,123,nan,nan,57
1506,83,543,nan,nan,57
1506,83,48,nan,nan,57
1506,83,509,nan,nan,57
1506,83,303,nan,nan,57
1506,84,681,nan,nan,57
1506,84,444,nan,nan,57
1506,84,650,nan,nan,57
1506,84,20,nan,nan,57
1506,84,610,nan,nan,57
1506,84,69,nan,nan,57
1506,85,539,nan,nan,57
1506,85,609,nan,nan,57
1506,85,236,nan,nan,57
1506,85,642,nan,nan,57
1506,85,73,nan,nan,57
1506,85,48,nan,nan,57
1506,85,621,nan,nan,57
1506,86,305,nan,nan,57
1506,88,461,nan,nan,57
1506,88,664,nan,nan,57
1506,88,223,nan,nan,57
1506,88,362,nan,nan,57
1506,88,517,nan,nan,57
1506,88,589,nan,nan,57
1506,88,84,nan,nan,57
1506,89,191,nan,nan,57
1506,89,289,nan,nan,57
1506,89,374,nan,nan,57
1506,89,434,nan,nan,57
1506,89,459,nan,nan,57
1506,90,315,nan,nan,57
1506,90,672,nan,nan,57
1506,90,36,nan,nan,57
1506,90,589,nan,nan,57
1506,90,205,nan,nan,57
1506,90,319,nan,nan,57
1506,90,286,nan,nan,57
1506,90,636,nan,nan,57
1506,94,575,nan,nan,57
1506,94,605,nan,nan,57
1506,94,136,nan,nan,57
1506,94,438,nan,nan,57
1506,97,394,nan,nan,57
1506,97,473,nan,nan,57
1506,97,296,0,0.5,57
1506,97,182,nan,nan,57
1506,97,220,nan,nan,57
1506,97,394,nan,nan,57
1506,97,33,nan,nan,57
1506,97,156,nan,nan,57
1506,97,203,nan,nan,57
1506,97,149,nan,nan,57
1506,97,428,nan,nan,57
1506,101,168,nan,nan,57
1506,101,191,nan,nan,57
1506,101,63,nan,nan,57
1506,101,110,nan,nan,57
1506,101,73,nan,nan,57
1506,101,109,nan,nan,57
1506,103,426,nan,nan,57
1506,105,25,nan,nan,57
1506,105,368,nan,nan,57
1506,105,157,nan,nan,57
1506,105,570,nan,nan,57
1506,105,463,nan,nan,57
1506,105,375,nan,nan,57
1506,108,601,nan,nan,57
1506,108,461,nan,nan,57
1506,108,540,nan,nan,57
1506,108,429,nan,nan,57
1506,108,96,nan,nan,57
1506,108,91,nan,nan,57
1506,109,421,nan,nan,57
1506,109,535,nan,nan,57
1506,109,269,nan,nan,57
1506,109,468,nan,nan,57
1506,109,517,nan,nan,57
1506,109,697,nan,nan,57
1506,109,100,nan,nan,57
1506,110,175,nan,nan,57
1506,110,444,nan,nan,57
1506,110,388,nan,nan,57
1506,111,234,nan,nan,57
1506,111,473,nan,nan,57
1506,111,314,nan,nan,57
1506,111,82,nan,nan,57
1506,111,669,nan,nan,57
1506,113,363,nan,nan,57
1506,113,27,nan,nan,57
1506,113,285,nan,nan,57
1506,113,334,nan,nan,57
1506,113,348,nan,nan,57
1506,115,2,nan,nan,57
1506,115,479,nan,nan,57
1506,115,450,nan,nan,57
1506,115,400,nan,nan,57
1506,115,627,nan,nan,57
1506,118,631,nan,nan,57
1506,118,585,nan,nan,57
1506,118,14,nan,nan,57
1506,118,544,nan,nan,57
1506,118,408,nan,nan,57
1506,118,664,nan,nan,57
1506,119,322,nan,nan,57
1506,119,453,nan,nan,57
1506,119,490,nan,nan,57
1506,119,227,nan,nan,57
1506,119,422,nan,nan,57
1506,119,272,nan,nan,57
1506,123,616,nan,nan,57
1506,123,640,nan,nan,57
1506,123,442,nan,nan,57
1506,123,242,nan,nan,57
1506,124,234,nan,nan,57
1506,124,230,nan,nan,57
1506,124,697,nan,nan,57
1506,128,70,nan,nan,57
1506,128,697,nan,nan,57
1506,128,374,nan,nan,57
1506,128,333,nan,nan,57
1506,130,252,nan,nan,57
1506,130,421,nan,nan,57
1506,130,161,nan,nan,57
1506,131,110,nan,nan,57
1506,131,551,nan,nan,57
1506,131,139,nan,nan,57
1506,131,157,nan,nan,57
1506,131,117,nan,nan,57
1506,132,323,nan,nan,57
1506,132,590,nan,nan,57
1506,132,356,nan,nan,57
1506,132,684,nan,nan,57
1506,132,9,nan,nan,57
1506,132,486,nan,nan,57
1506,132,486,nan,nan,57
1506,134,20,nan,nan,57
1506,134,404,nan,nan,57
1506,134,520,nan,nan,57
1506,134,34,nan,nan,57
1506,134,248,nan,nan,57
1506,134,362,nan,nan,57
1506,134,351,nan,nan,57
1506,135,649,nan,nan,57
1506,135,365,nan,nan,57
1506,135,508,nan,nan,57
1506,135,295,nan,nan,57
1506,135,508,nan,nan,57
1506,138,503,nan,nan,57
1506,138,179,nan,nan,57
1506,138,209,nan,nan,57
1506,138,431,nan,nan,57
1506,138,18,nan,nan,57
1506,138,423,nan,nan,57
1506,140,451,nan,nan,57
1506,140,213,nan,nan,57
1506,140,171,nan,nan,57
1506,143,576,nan,nan,57
1506,143,636,nan,nan,57
1506,143,363,nan,nan,57
1506,143,439,nan,nan,57
1506,143,581,nan,nan,57
1506,144,493,nan,nan,57
1506,144,107,nan,nan,57
1506,144,555,nan,nan,57
1506,144,636,nan,nan,57
1506,144,70,nan,nan,57
1506,144,461,nan,nan,57
1506,144,488,nan,nan,57
1506,144,651,nan,nan,57
1506,145,123,nan,nan,57
1506,145,636,nan,nan,57
1506,145,161,nan,nan,57
1506,145,437,nan,nan,57
1506,145,576,nan,nan,57
1506,145,627,nan,nan,57
1506,145,16,nan,nan,57
1506,145,99,nan,nan,57
1506,145,105,nan,nan,57
1506,145,545,nan,nan,57
1506,145,345,nan,nan,57
1506,148,548,nan,nan,57
1506,148,543,nan,nan,57
1506,148,212,nan,nan,57
1506,148,606,nan,nan,57
1506,148,600,nan,nan,57
1506,149,236,nan,nan,57
1506,149,14,nan,nan,57
1506,150,62,nan,nan,57
1506,150,188,nan,nan,57
1506,150,213,nan,nan,57
1506,150,35,nan,nan,57
1506,152,191,nan,nan,57
1506,152,52,nan,nan,57
1506,17,372,0,0.5,57
1506,126,697,0,0.5,57
1507,0,25,nan,nan,73
1507,0,36,nan,nan,73
1507,0,456,nan,nan,73
1507,0,288,nan,nan,73
1507,0,217,nan,nan,73
1507,0,160,nan,nan,73
1507,3,281,nan,nan,73
1507,3,332,nan,nan,73
1507,3,682,nan,nan,73
1507,4,227,nan,nan,73
1507,4,594,nan,nan,73
1507,7,93,nan,nan,73
1507,7,544,nan,nan,73
1507,7,4,nan,nan,73
1507,7,600,nan,nan,73
1507,7,388,nan,nan,73
1507,12,665,nan,nan,73
1507,12,350,nan,nan,73
1507,12,463,nan,nan,73
1507,12,136,nan,nan,73
1507,13,105,nan,nan,73
1507,13,300,nan,nan,73
1507,13,625,nan,nan,73
1507,18,423,nan,nan,73
1507,18,174,nan,nan,73
1507,18,40,nan,nan,73
1507,18,368,nan,nan,73
1507,18,569,nan,nan,73
1507,18,656,nan,nan,73
1507,18,659,nan,nan,73
1507,18,261,nan,nan,73
1507,19,578,nan,nan,73
1507,19,565,nan,nan,73
1507,21,393,nan,nan,73
1507,21,253,nan,nan,73
1507,21,145,nan,nan,73
1507,21,106,nan,nan,73
1507,21,130,nan,nan,73
1507,21,199,nan,nan,73
1507,21,525,nan,nan,73
1507,21,656,nan,nan,73
1507,22,346,nan,nan,73
1507,22,697,nan,nan,73
1507,22,129,nan,nan,73
1507,22,697,nan,nan,73
1507,24,328,nan,nan,73
1507,24,357,nan,nan,73
1507,24,620,nan,nan,73
1507,26,295,nan,nan,73
1507,26,540,nan,nan,73
1507,26,327,nan,nan,73
1507,26,414,nan,nan,73
1507,26,542,nan,nan,73
1507,26,383,nan,nan,73
1507,26,483,nan,nan,73
1507,28,645,nan,nan,73
1507,28,646,nan,nan,73
1507,28,24,nan,nan,73
1507,28,560,nan,nan,73
1507,28,611,nan,nan,73
1507,28,456,nan,nan,73
1507,28,232,nan,nan,73
1507,33,643,nan,nan,73
1507,33,482,nan,nan,73
1507,33,153,nan,nan,73
1507,33,613,nan,nan,73
1507,33,609,nan,nan,73
1507,41,22,nan,nan,73
1507,41,491,nan,nan,73
1507,41,362,nan,nan,73
1507,41,355,nan,nan,73
1507,41,266,nan,nan,73
1507,41,154,nan,nan,73
1507,41,345,nan,nan,73
1507,41,107,nan,nan,73
1507,41,16,nan,nan,73
1507,44,594,nan,nan,73
1507,44,692,nan,nan,73
1507,44,124,nan,nan,73
1507,44,379,nan,nan,73
1507,44,355,nan,nan,73
1507,49,62,nan,nan,73
1507,49,71,nan,nan,73
1507,49,572,nan,nan,73
1507,49,114,nan,nan,73
1507,49,644,nan,nan,73
1507,52,113,nan,nan,73
1507,52,206,nan,nan,73
1507,52,399,nan,nan,73
1507,54,7,nan,nan,73
1507,54,467,nan,nan,73
1507,54,173,nan,nan,73
1507,59,160,nan,nan,73
1507,59,231,nan,nan,73
1507,59,93,nan,nan,73
1507,60,89,nan,nan,73
1507,60,413,nan,nan,73
1507,60,245,nan,nan,73
1507,60,131,nan,nan,73
1507,60,422,nan,nan,73
1507,60,175,nan,nan,73
1507,61,367,nan,nan,73
1507,61,590,nan,nan,73
1507,61,11,nan,nan,73
1507,61,342,nan,nan,73
1507,61,226,nan,nan,73
1507,63,586,nan,nan,73
1507,63,650,nan,nan,73
1507,63,18,nan,nan,73
1507,63,8,nan,nan,73
1507,63,451,nan,nan,73
1507,64,522,nan,nan,73
1507,64,206,nan,nan,73
1507,64,454,nan,nan,73
1507,64,5,nan,nan,73
1507,66,83,nan,nan,73
1507,66,686,nan,nan,73
1507,66,364,nan,nan,73
1507,66,469,nan,nan,73
1507,66,307,nan,nan,73
1507,66,8,nan,nan,73
1507,69,268,nan,nan,73
1507,69,126,nan,nan,73
1507,69,427,nan,nan,73
1507,69,686,nan,nan,73
1507,71,304,nan,nan,73
1507,80,58,nan,nan,73
1507,80,484,nan,nan,73
1507,80,65,nan,nan,73
1507,80,57,nan,nan,73
1507,87,685,nan,nan,73
1507,87,613,nan,nan,73
1507,87,311,nan,nan,73
1507,87,663,nan,nan,73
1507,87,578,nan,nan,73
1507,87,666,nan,nan,73
1507,87,393,nan,nan,73
1507,87,176,nan,nan,73
1507,91,99,nan,nan,73
1507,91,278,nan,nan,73
1507,91,173,nan,nan,73
1507,91,142,nan,nan,73
1507,91,595,nan,nan,73
1507,91,286,nan,nan,73
1507,91,7,nan,nan,73
1507,91,691,nan,nan,73
1507,92,635,nan,nan,73
1507,92,159,nan,nan,73
1507,92,449,nan,nan,73
1507,92,329,nan,nan,73
1507,92,641,nan,nan,73
1507,92,206,nan,nan,73
1507,93,679,nan,nan,73
1507,93,555,nan,nan,73
1507,93,695,nan,nan,73
1507,94,689,nan,nan,73
1507,94,202,nan,nan,73
1507,94,410,nan,nan,73
1507,94,214,nan,nan,73
1507,94,528,nan,nan,73
1507,96,329,nan,nan,73
1507,96,462,nan,nan,73
1507,96,518,nan,nan,73
1507,100,120,nan,nan,73
1507,100,692,nan,nan,73
1507,100,233,nan,nan,73
1507,101,89,nan,nan,73
1507,101,116,nan,nan,73
1507,101,293,nan,nan,73
1507,108,157,nan,nan,73
1507,108,577,nan,nan,73
1507,108,676,nan,nan,73
1507,108,25,nan,nan,73
1507,108,114,nan,nan,73
1507,108,208,nan,nan,73
1507,108,201,nan,nan,73
1507,111,158,nan,nan,73
1507,111,133,nan,nan,73
1507,111,588,nan,nan,73
1507,111,380,nan,nan,73
1507,114,445,nan,nan,73
1507,114,224,nan,nan,73
1507,114,257,nan,nan,73
1507,114,547,nan,nan,73
1507,114,462,nan,nan,73
1507,118,376,nan,nan,73
1507,118,671,nan,nan,73
1507,118,634,nan,nan,73
1507,118,313,nan,nan,73
1507,118,400,nan,nan,73
1507,118,617,nan,nan,73
1507,118,688,nan,nan,73
1507,118,18,nan,nan,73
1507,121,196,nan,nan,73
1507,121,448,nan,nan,73
1507,121,97,nan,nan,73
1507,121,380,nan,nan,73
1507,121,129,nan,nan,73
1507,130,291,nan,nan,73
1507,130,140,nan,nan,73
1507,131,653,nan,nan,73
1507,131,550,nan,nan,73
1507,131,79,nan,nan,73
1507,131,0,nan,nan,73
1507,131,588,nan,nan,73
1507,134,33,nan,nan,73
1507,134,210,nan,nan,73
1507,134,437,nan,nan,73
1507,134,421,nan,nan,73
1507,134,255,nan,nan,73
1507,134,472,nan,nan,73
1507,134,454,nan,nan,73
1507,134,344,nan,nan,73
1507,134,661,nan,nan,73
1507,136,394,nan,nan,73
1507,136,432,2,0.1,73
1507,136,342,nan,nan,73
1507,136,527,nan,nan,73
1507,136,670,nan,nan,73
1507,138,311,nan,nan,73
1507,138,387,nan,nan,73
1507,138,571,nan,nan,73
1507,138,164,nan,nan,73
1507,138,596,nan,nan,73
1507,138,589,nan,nan,73
1507,144,42,nan,nan,73
1507,145,44,nan,nan,73
1507,145,229,nan,nan,73
1507,145,207,nan,nan,73
1507,145,576,nan,nan,73
1507,146,527,nan,nan,73
1507,146,327,nan,nan,73
1507,146,576,nan,nan,73
1507,146,193,nan,nan,73
1507,146,179,nan,nan,73
1507,146,634,nan,nan,73
1507,146,296,nan,nan,73
1507,151,420,nan,nan,73
1507,151,110,nan,nan,73
1507,151,346,nan,nan,73
1507,151,541,nan,nan,73
1507,153,162,nan,nan,73
1507,153,601,nan,nan,73
1507,153,142,nan,nan,73
1507,153,519,nan,nan,73
1507,52,391,nan,nan,73
1508,0,93,nan,nan,14
1508,0,478,nan,nan,14
1508,0,361,nan,nan,14
1508,3,605,nan,nan,14
1508,3,74,nan,nan,14
1508,3,111,nan,nan,14
1508,3,497,nan,nan,14
1508,3,249,nan,nan,14
1508,5,225,nan,nan,14
1508,5,666,nan,nan,14
1508,5,42,nan,nan,14
1508,5,457,nan,nan,14
1508,5,175,nan,nan,14
1508,5,619,nan,nan,14
1508,7,293,nan,nan,14
1508,7,455,nan,nan,14
1508,7,178,nan,nan,14
1508,7,399,nan,nan,14
1508,7,518,nan,nan,14
1508,8,82,nan,nan,14
1508,8,411,nan,nan,14
1508,8,600,nan,nan,14
1508,8,531,nan,nan,14
1508,8,127,nan,nan,14
1508,9,560,nan,nan,14
1508,9,409,nan,nan,14
1508,9,127,nan,nan,14
1508,9,27,nan,nan,14
1508,9,133,nan,nan,14
1508,9,437,nan,nan,14
1508,10,201,nan,nan,14
1508,10,151,nan,nan,14
1508,10,226,nan,nan,14
1508,11,413,nan,nan,14
1508,11,350,nan,nan,14
1508,11,537,nan,nan,14
1508,11,160,nan,nan,14
1508,11,282,nan,nan,14
1508,11,503,nan,nan,14
1508,12,562,nan,nan,14
1508,12,485,nan,nan,14
1508,12,224,nan,nan,14
1508,12,343,nan,nan,14
1508,13,590,nan,nan,14
1508,13,313,nan,nan,14
1508,13,103,nan,nan,14
1508,14,562,nan,nan,14
1508,14,227,nan,nan,14
1508,14,650,nan,nan,14
1508,14,230,nan,nan,14
1508,14,126,nan,nan,14
1508,17,75,nan,nan,14
1508,17,572,nan,nan,14
1508,17,319,nan,nan,14
1508,17,83,nan,nan,14
1508,18,551,nan,nan,14
1508,18,28,nan,nan,14
1508,18,654,nan,nan,14
1508,22,607,nan,nan,14
1508,22,96,nan,nan,14
1508,23,261,nan,nan,14
1508,23,697,nan,nan,14
1508,23,405,nan,nan,14
1508,23,96,nan,nan,14
1508,23,318,nan,nan,14
1508,23,597,nan,nan,14
1508,23,58,nan,nan,14
1508,24,433,nan,nan,14
1508,24,697,nan,nan,14
1508,24,382,nan,nan,14
1508,24,325,nan,nan,14
1508,24,535,nan,nan,14
1508,24,601,nan,nan,14
1508,25,96,nan,nan,14
1508,25,16,nan,nan,14
1508,25,389,nan,nan,14
1508,25,16,nan,nan,14
1508,25,53,nan,nan,14
1508,25,498,nan,nan,14
1508,29,404,nan,nan,14
1508,29,541,nan,nan,14
1508,29,463,nan,nan,14
1508,29,292,nan,nan,14
1508,29,560,nan,nan,14
1508,31,186,nan,nan,14
1508,31,16,nan,nan,14
1508,31,404,nan,nan,14
1508,31,400,nan,nan,14
1508,31,496,nan,nan,14
1508,32,153,nan,nan,14
1508,32,639,nan,nan,14
1508,32,647,nan,nan,14
1508,32,423,nan,nan,14
1508,32,508,nan,nan,14
1508,32,673,nan,nan,14
1508,33,671,nan,nan,14
1508,33,168,nan,nan,14
1508,33,428,nan,nan,14
1508,36,352,nan,nan,14
1508,36,540,nan,nan,14
1508,36,6,nan,nan,14
1508,36,217,nan,nan,14
1508,36,66,nan,nan,14
1508,36,392,nan,nan,14
1508,36,304,nan,nan,14
1508,39,324,nan,nan,14
1508,39,636,nan,nan,14
1508,39,634,nan,nan,14
1508,39,485,nan,nan,14
1508,40,636,nan,nan,14
1508,40,453,nan,nan,14
1508,40,555,nan,nan,14
1508,40,341,nan,nan,14
1508,41,440,nan,nan,14
1508,41,626,nan,nan,14
1508,41,642,nan,nan,14
1508,41,296,nan,nan,14
1508,41,687,nan,nan,14
1508,41,353,nan,nan,14
1508,43,455,nan,nan,14
1508,43,624,nan,nan,14
1508,43,149,nan,nan,14
1508,43,332,nan,nan,14
1508,43,376,nan,nan,14
1508,43,246,nan,nan,14
1508,43,673,nan,nan,14
1508,47,196,nan,nan,14
1508,47,151,nan,nan,14
1508,47,96,nan,nan,14
1508,47,302,nan,nan,14
1508,48,692,nan,nan,14
1508,50,210,nan,nan,14
1508,50,441,nan,nan,14
1508,50,523,nan,nan,14
1508,50,43,nan,nan,14
1508,53,59,nan,nan,14
1508,53,662,nan,nan,14
1508,53,648,nan,nan,14
1508,54,90,nan,nan,14
1508,58,54,nan,nan,14
1508,58,456,nan,nan,14
1508,58,399,nan,nan,14
1508,58,527,nan,nan,14
1508,61,89,nan,nan,14
1508,61,225,nan,nan,14
1508,61,67,nan,nan,14
1508,61,26,nan,nan,14
1508,61,96,nan,nan,14
1508,62,479,nan,nan,14
1508,62,483,nan,nan,14
1508,62,460,nan,nan,14
1508,62,295,nan,nan,14
1508,62,524,nan,nan,14
1508,62,621,nan,nan,14
1508,62,470,nan,nan,14
1508,64,173,nan,nan,14
1508,64,412,nan,nan,14
1508,64,67,nan,nan,14
1508,66,176,2,0.1,14
1508,66,295,nan,nan,14
1508,66,333,nan,nan,14
1508,66,412,nan,nan,14
1508,66,689,nan,nan,14
1508,66,469,nan,nan,14
1508,66,206,nan,nan,14
1508,66,665,nan,nan,14
1508,66,77,nan,nan,14
1508,66,586,nan,nan,14
1508,69,389,nan,nan,14
1508,69,100,nan,nan,14
1508,69,151,nan,nan,14
1508,69,424,nan,nan,14
1508,70,654,nan,nan,14
1508,70,97,nan,nan,14
1508,70,469,nan,nan,14
1508,70,134,nan,nan,14
1508,71,305,nan,nan,14
1508,71,149,nan,nan,14
1508,71,656,nan,nan,14
1508,71,405,nan,nan,14
1508,71,435,nan,nan,14
1508,74,9,nan,nan,14
1508,74,263,nan,nan,14
1508,74,231,nan,nan,14
1508,74,531,nan,nan,14
1508,74,142,nan,nan,14
1508,74,580,nan,nan,14
1508,78,72,nan,nan,14
1508,78,339,nan,nan,14
1508,78,123,nan,nan,14
1508,78,577,nan,nan,14
1508,78,531,nan,nan,14
1508,79,358,nan,nan,14
1508,79,643,nan,nan,14
1508,79,383,nan,nan,14
1508,79,388,nan,nan,14
1508,79,76,nan,nan,14
1508,81,459,nan,nan,14
1508,81,479,nan,nan,14
1508,81,165,nan,nan,14
1508,81,230,nan,nan,14
1508,82,603,nan,nan,14
1508,82,499,nan,nan,14
1508,83,577,nan,nan,14
1508,83,166,nan,nan,14
1508,83,310,nan,nan,14
1508,83,169,nan,nan,14
1508,83,195,nan,nan,14
1508,83,527,nan,nan,14
1508,83,607,nan,nan,14
1508,89,304,nan,nan,14
1508,89,84,nan,nan,14
1508,89,623,nan,nan,14
1508,89,655,nan,nan,14
1508,92,129,nan,nan,14
1508,92,425,nan,nan,14
1508,92,431,nan,nan,14
1508,92,206,nan,nan,14
1508,92,81,nan,nan,14
1508,92,637,nan,nan,14
1508,92,415,nan,nan,14
1508,92,634,nan,nan,14
1508,93,380,nan,nan,14
1508,93,100,nan,nan,14
1508,93,26,nan,nan,14
1508,93,182,nan,nan,14
1508,94,145,nan,nan,14
1508,94,636,nan,nan,14
1508,94,217,nan,nan,14
1508,94,643,nan,nan,14
1508,94,562,nan,nan,14
1508,97,220,nan,nan,14
1508,97,346,nan,nan,14
1508,97,146,nan,nan,14
1508,97,394,nan,nan,14
1508,97,120,nan,nan,14
1508,97,634,nan,nan,14
1508,97,47,nan,nan,14
1508,97,65,nan,nan,14
1508,98,430,nan,nan,14
1508,98,380,nan,nan,14
1508,99,528,nan,nan,14
1508,99,20,nan,nan,14
1508,99,680,nan,nan,14
1508,102,472,nan,nan,14
1508,102,129,nan,nan,14
1508,102,666,nan,nan,14
1508,102,210,nan,nan,14
1508,102,120,nan,nan,14
1508,105,239,nan,nan,14
1508,105,393,nan,nan,14
1508,106,77,nan,nan,14
1508,106,414,1,0.25,14
1508,106,694,nan,nan,14
1508,106,201,nan,nan,14
1508,106,198,nan,nan,14
1508,106,107,nan,nan,14
1508,106,241,nan,nan,14
1508,107,197,nan,nan,14
1508,107,351,nan,nan,14
1508,107,234,nan,nan,14
1508,107,109,nan,nan,14
1508,107,295,nan,nan,14
1508,107,291,nan,nan,14
1508,108,329,nan,nan,14
1508,108,573,nan,nan,14
1508,108,295,nan,nan,14
1508,108,211,nan,nan,14
1508,108,29,nan,nan,14
1508,111,93,nan,nan,14
1508,111,158,nan,nan,14
1508,111,590,nan,nan,14
1508,111,401,nan,nan,14
1508,111,474,nan,nan,14
1508,111,174,nan,nan,14
1508,111,343,nan,nan,14
1508,112,339,nan,nan,14
1508,112,566,nan,nan,14
1508,112,651,nan,nan,14
1508,112,136,nan,nan,14
1508,112,669,nan,nan,14
1508,114,143,nan,nan,14
1508,116,176,nan,nan,14
1508,116,479,nan,nan,14
1508,116,546,nan,nan,14
1508,116,198,nan,nan,14
1508,116,307,nan,nan,14
1508,116,586,nan,nan,14
1508,116,126,nan,nan,14
1508,120,393,nan,nan,14
1508,120,387,nan,nan,14
1508,120,545,nan,nan,14
1508,122,265,nan,nan,14
1508,122,698,nan,nan,14
1508,122,88,nan,nan,14
1508,122,688,nan,nan,14
1508,122,588,nan,nan,14
1508,122,119,nan,nan,14
1508,123,30,nan,nan,14
1508,123,573,nan,nan,14
1508,123,360,nan,nan,14
1508,125,584,nan,nan,14
1508,125,430,nan,nan,14
1508,125,41,nan,nan,14
1508,125,527,nan,nan,14
1508,125,161,nan,nan,14
1508,126,65,nan,nan,14
1508,126,156,nan,nan,14
1508,126,429,nan,nan,14
1508,126,440,nan,nan,14
1508,126,322,nan,nan,14
1508,128,465,nan,nan,14
1508,128,366,nan,nan,14
1508,128,231,nan,nan,14
1508,128,331,nan,nan,14
1508,128,96,nan,nan,14
1508,131,165,nan,nan,14
1508,131,622,nan,nan,14
1508,131,369,nan,nan,14
1508,131,161,nan,nan,14
1508,131,16,nan,nan,14
1508,136,386,nan,nan,14
1508,136,660,nan,nan,14
1508,136,508,nan,nan,14
1508,136,663,nan,nan,14
1508,136,468,nan,nan,14
1508,137,643,nan,nan,14
1508,137,624,nan,nan,14
1508,137,504,nan,nan,14
1508,137,639,nan,nan,14
1508,137,387,nan,nan,14
1508,140,311,nan,nan,14
1508,140,624,nan,nan,14
1508,143,187,nan,nan,14
1508,143,637,nan,nan,14
1508,143,229,nan,nan,14
1508,143,592,nan,nan,14
1508,143,267,nan,nan,14
1508,143,543,nan,nan,14
1508,146,17,nan,nan,14
1508,146,207,nan,nan,14
1508,146,563,nan,nan,14
1508,146,20,nan,nan,14
1508,146,319,nan,nan,14
1508,146,36,nan,nan,14
1508,148,455,nan,nan,14
1508,148,581,nan,nan,14
1508,148,134,nan,nan,14
1508,148,495,nan,nan,14
1508,148,513,nan,nan,14
1508,148,200,nan,nan,14
1508,149,473,nan,nan,14
1508,149,258,nan,nan,14
1508,149,368,nan,nan,14
1508,149,35,nan,nan,14
1508,151,384,nan,nan,14
1508,151,239,nan,nan,14
1508,151,497,nan,nan,14
1508,152,625,nan,nan,14
1508,152,74,nan,nan,14
1508,152,234,nan,nan,14
1508,153,294,nan,nan,14
1508,153,258,nan,nan,14
1508,153,305,nan,nan,14
1508,153,321,nan,nan,14
1508,153,63,nan,nan,14
1508,154,69,nan,nan,14
1508,154,306,nan,nan,14
1508,154,98,nan,nan,14
1508,154,161,nan,nan,14
1508,155,333,nan,nan,14
1508,155,183,nan,nan,14
1508,155,45,nan,nan,14
1508,155,332,nan,nan,14
1508,155,98,nan,nan,14
1508,155,156,nan,nan,14
1508,155,591,nan,nan,14
1508,155,153,nan,nan,14
1508,155,535,nan,nan,14
1508,155,691,nan,nan,14
1508,52,275,nan,nan,14
1509,7,133,nan,nan,7
1509,7,381,nan,nan,7
1509,7,494,nan,nan,7
1509,7,332,nan,nan,7
1509,7,67,nan,nan,7
1509,7,477,nan,nan,7
1509,7,193,nan,nan,7
